pelvis_tilt.offset              	-0.0066669242	-0.010607294	0.0024614294	
hip_flexion_r.offset            	-0.042555965	-0.038124955	0.0027169519	
knee_angle_r.offset             	0.031392096	0.031614686	0.002548563	
ankle_angle_r.offset            	-0.00055545858	0.0016473206	0.0029922186	
hip_flexion_l.offset            	0.060309286	0.058546862	0.0026575197	
knee_angle_l.offset             	0.041763342	0.042869567	0.0026851755	
ankle_angle_l.offset            	-0.021719993	-0.017883569	0.0026185757	
stance_load_threshold           	0.025791194	0.023840607	0.0025867732	
S11111.tib_ant.KL               	1.0251544	1.0768231	0.0278311	
S11111.tib_ant.L0               	0.7539424	0.7526682	0.002510816	
S11111.tib_ant-soleus.KF        	-0.28343303	-0.28221608	0.0029299004	
S00111.soleus.KF                	0.48364667	0.50305975	0.025583423	
S00111.gastroc.KF               	1.7771752	1.789168	0.025708954	
S00111.soleus.KV                	0.43675992	0.47855779	0.13251769	
S00111.gastroc.KV               	1.5647722	1.4803803	0.13509673	
S11000.soleus.KV                	0.056416785	0.044470493	0.013293371	
S11000.gastroc.KV               	0.27157678	0.24702126	0.014281219	
S00011.vasti.KF                 	1.0208515	1.0094768	0.021248788	
S00011.vasti.C0                 	0.054374294	0.057572956	0.0022800745	
S00011.vasti-knee_angle.pos_max 	-0.15693864	-0.15762232	0.0027532094	
S00011.hamstrings-pelvis_tilt.KP	1.5516881	1.5108851	0.026920757	
S00011.hamstrings-pelvis_tilt.KV	0.29180922	0.29086675	0.0026275187	
S00011.hamstrings-pelvis_tilt.C0	-0.0036523494	-0.0021513139	0.0028381204	
S00011.glut_max-pelvis_tilt.KP  	1.5537256	1.5402153	0.027467474	
S00011.glut_max-pelvis_tilt.KV  	0.19220712	0.1913343	0.0026844699	
S00011.glut_max-pelvis_tilt.C0  	0.028321363	0.026620941	0.0025052961	
S00011.iliopsoas-pelvis_tilt.KP 	-1.2480809	-1.2224977	0.027635045	
S00011.iliopsoas-pelvis_tilt.KV 	-0.29684726	-0.29427527	0.0027513142	
S00011.iliopsoas-pelvis_tilt.C0 	0.21821856	0.21204192	0.0033157474	
S00100.iliopsoas.C0             	0.2713465	0.27091602	0.0027355653	
S00100.glut_max.C0              	-0.18605148	-0.18266636	0.0028593148	
S11000.iliopsoas.KL             	0.44476398	0.44406872	0.0028403937	
S11000.iliopsoas.L0             	0.5553582	0.55635234	0.0026871045	
S11000.iliopsoas-pelvis_tilt.P0 	-0.14855677	-0.14848433	0.0029438726	
S11000.iliopsoas-pelvis_tilt.KP 	0.89741026	0.88326948	0.02803988	
S11000.iliopsoas-pelvis_tilt.KV 	0.2212301	0.22058407	0.0026875482	
S11000.iliopsoas-hamstrings.KL  	-1.2705112	-1.3805896	0.11085476	
S11000.iliopsoas-hamstrings.L0  	0.86104601	0.86507715	0.0026725771	
S11000.hamstrings.KF            	0.57012049	0.56859461	0.0027914325	
S11000.glut_max.KF              	0.48127812	0.4795673	0.0028249736	
