generation	best_fitness	median_fitness	predicted_fitness	fitness_progress
0	91.1232	94.7394	0	0
1	91.0698	92.1943	64.3631	0.00058651
2	90.9669	91.5513	51.8968	0.000858627
3	90.9508	91.5083	61.7026	0.000642729
4	90.4074	91.0421	50.2105	0.000892901
5	82.4429	90.9879	39.2001	0.00113241
6	63.1282	90.3141	-61.1734	0.00333796
7	51.3595	73.7243	-184.153	0.00609269
8	55.13	73.2594	-2065.67	0.0558396
9	35.64	69.197	-3431.27	0.099103
10	36.2814	66.1738	-3350.57	0.101459
11	16.9912	68.2547	-3747.17	0.121733
12	9.4579	65.5814	-4064.26	0.145507
13	22.4514	68.5474	-3762.25	0.138606
14	1.51718	55.227	-3945.3	0.153836
15	7.85698	63.0842	-3657.93	0.152876
16	1.51088	43.0684	-3529.48	0.154761
17	1.50055	47.7024	-3431.05	0.158647
18	1.6143	53.357	-3380.6	0.166086
19	1.55869	50.7936	-3229.8	0.16149
20	1.65835	46.1948	-3072.66	0.17101
21	11.9255	52.0271	-2892.1	0.167855
22	8.72935	57.6326	-2831.44	0.173806
23	1.61014	43.36	-2800.27	0.184503
24	1.59188	49.5102	-2633.21	0.172117
25	1.6071	50.4152	-2451.64	0.161992
26	1.61052	51.1165	-2082.93	0.128266
27	1.68588	46.9952	-1577.95	0.0998967
28	1.59002	34.3032	-1277.22	0.0914507
29	27.5133	50.3131	-1038.41	0.0868917
30	41.2502	62.0057	-967.838	0.0855033
31	1.69566	50.4816	-775.742	0.0805847
32	1.63048	47.3347	-610.402	0.0699684
33	1.5916	32.1837	-473.125	0.0617488
34	1.58691	51.0178	-291.742	0.0520697
35	1.5971	48.1109	-198.585	0.048827
36	14.5446	48.8869	-188.191	0.0482718
37	1.59265	49.5997	-177.348	0.0465868
38	1.56459	33.3054	-109.888	0.0328956
39	1.58239	21.4877	-132.246	0.0405796
40	1.50767	42.9377	-76.7594	0.034327
41	1.54809	42.0117	-21.2063	0.0187136
42	1.54685	8.01224	-20.566	0.0183243
43	1.52296	26.9922	-12.6242	0.013466
44	1.51368	38.2951	-10.1956	0.0116808
45	1.5417	32.8451	-7.48328	0.00952144
46	1.49066	19.8269	-5.7695	0.00801078
47	1.52549	24.0405	-5.17925	0.00745968
48	1.48607	11.5223	-4.68026	0.00698357
49	1.4939	25.3423	-4.31042	0.006614
50	1.45178	35.2931	-4.29296	0.006617
51	1.44703	32.6535	-4.24547	0.0065764
52	1.44757	33.8248	-4.26892	0.00660801
53	1.46386	1.53554	-4.1165	0.00645851
54	1.48443	33.812	-3.88199	0.00622529
55	1.43407	23.2412	-3.75157	0.00609522
56	1.47298	25.7327	-3.60855	0.00594882
57	1.47227	1.53455	-3.53304	0.00586234
58	1.44731	33.1211	-3.41108	0.00573465
59	1.47596	22.703	-3.35385	0.00567984
60	1.4509	32.1283	-3.2431	0.00556628
61	1.41066	1.59407	-3.18712	0.00550529
62	1.4324	7.27361	-3.10044	0.00541283
63	1.40312	1.56263	-3.03494	0.0053412
64	1.44073	1.5088	-2.87961	0.00516866
65	1.41606	26.4562	-2.75623	0.00503676
66	1.4611	38.8902	-2.6073	0.0048758
67	1.41045	39.3795	-2.46617	0.00472185
68	1.40549	51.1919	-2.40837	0.00465929
69	1.45952	1.57912	-2.25503	0.004489
70	1.37611	6.63172	-2.16059	0.00438368
71	1.41718	1.56185	-2.0873	0.00429808
72	1.51369	39.8779	-2.04977	0.00425406
73	1.48214	1.55682	-1.99279	0.00419264
74	1.48866	1.63034	-1.943	0.00413609
75	1.40565	1.54892	-1.88361	0.00406949
76	1.42263	6.52545	-1.8382	0.00401837
77	1.42224	22.485	-1.72336	0.00388598
78	1.41143	1.5764	-1.67789	0.00383326
79	1.42359	37.7607	-1.65068	0.00380292
80	1.4251	1.53023	-1.54481	0.00368035
81	1.41087	1.51636	-1.44013	0.00355722
82	1.47527	42.3564	-1.4291	0.0035438
83	1.44598	1.52442	-1.42003	0.00353076
84	1.44732	1.49589	-1.36349	0.00346427
85	1.39215	28.1022	-1.32873	0.00341894
86	1.39986	1.49322	-1.29814	0.00337963
87	1.36374	1.47645	-1.24289	0.00331382
88	1.38872	1.48776	-1.21792	0.00328357
89	1.37171	53.5409	-1.14959	0.00320156
90	1.3864	24.5084	-1.0942	0.003134
91	1.36072	11.943	-1.05406	0.00308522
92	1.34859	12.0082	-1.01473	0.0030355
93	1.36611	57.2509	-0.990028	0.00300457
94	1.32002	1.40251	-0.94754	0.00295304
95	1.35133	58.5971	-0.882414	0.00287556
96	1.34264	58.2317	-0.831507	0.00281473
97	1.3591	1.43786	-0.759343	0.00272799
98	1.32696	60.4171	-0.772682	0.0027432
99	1.31069	55.8116	-0.751063	0.00271707
