pelvis_tilt.offset              	0.068185997	0.070710323	0.0038202258	
hip_flexion_r.offset            	0.0087157433	0.0062654228	0.0038540138	
knee_angle_r.offset             	-0.048281274	-0.044898574	0.0036881546	
ankle_angle_r.offset            	0.0031987785	0.013146217	0.0043220329	
hip_flexion_l.offset            	0.08003198	0.079315062	0.0037565964	
knee_angle_l.offset             	0.11257613	0.11150365	0.0041890227	
ankle_angle_l.offset            	0.026300355	0.02282141	0.0037648332	
stance_load_threshold           	0.076312316	0.077179272	0.0036388074	
S11111.tib_ant.KL               	1.9574684	1.8824469	0.039253601	
S11111.tib_ant.L0               	0.72680146	0.72528883	0.00350324	
S11111.tib_ant-soleus.KF        	-0.3265049	-0.32859262	0.0038817281	
S00111.soleus.KF                	0.052849788	0.029382852	0.037744031	
S00111.gastroc.KF               	1.6613687	1.6422278	0.034718898	
S00111.soleus.KV                	0.26072649	0.29466392	0.018192622	
S00111.gastroc.KV               	0.00047078979	5.9422504e-05	0.019252426	
S11000.soleus.KV                	0.0013781854	0.015711073	0.018312189	
S11000.gastroc.KV               	0.0018657914	0.0040431836	0.016430736	
S00011.vasti.KF                 	1.1628887	1.1505428	0.030926615	
S00011.vasti.C0                 	0.046434436	0.04905343	0.0029552548	
S00011.vasti-knee_angle.pos_max 	-0.19969065	-0.19951305	0.0040987982	
S00011.hamstrings-pelvis_tilt.KP	1.7157758	1.6461117	0.039350135	
S00011.hamstrings-pelvis_tilt.KV	0.29857232	0.30104428	0.0038571619	
S00011.hamstrings-pelvis_tilt.C0	0.038693283	0.037431195	0.0039401161	
S00011.glut_max-pelvis_tilt.KP  	2.0196836	2.0034762	0.039437043	
S00011.glut_max-pelvis_tilt.KV  	0.16546266	0.16996444	0.0038984738	
S00011.glut_max-pelvis_tilt.C0  	0.023172546	0.02231965	0.0034649839	
S00011.iliopsoas-pelvis_tilt.KP 	-0.45418412	-0.47482417	0.039881799	
S00011.iliopsoas-pelvis_tilt.KV 	-0.32307829	-0.32124072	0.0040165826	
S00011.iliopsoas-pelvis_tilt.C0 	0.19498842	0.19298237	0.0047493017	
S00100.iliopsoas.C0             	0.28190041	0.27981673	0.0038406524	
S00100.glut_max.C0              	-0.1986565	-0.20541785	0.0038675487	
S11000.iliopsoas.KL             	0.40596361	0.40578441	0.0040095692	
S11000.iliopsoas.L0             	0.54312911	0.53652838	0.0039216347	
S11000.iliopsoas-pelvis_tilt.P0 	-0.17231317	-0.17938251	0.0042224397	
S11000.iliopsoas-pelvis_tilt.KP 	1.337202	1.3872624	0.041376935	
S11000.iliopsoas-pelvis_tilt.KV 	0.25355631	0.25502456	0.0038133791	
S11000.iliopsoas-hamstrings.KL  	-0.97971911	-1.1045401	0.15524269	
S11000.iliopsoas-hamstrings.L0  	0.92093267	0.92331771	0.0036565203	
S11000.hamstrings.KF            	0.45981683	0.46587611	0.004239976	
S11000.glut_max.KF              	0.49686055	0.49780462	0.0041077105	
