generation	best_fitness	median_fitness	predicted_fitness	fitness_progress
0	41.8666	94.6247	0	0
1	0.978211	90.9715	-20443.2	41.7992
2	41.4019	86.5494	-74.7661	0.00559602
3	19.9182	88.8988	-1861.88	0.130122
4	36.522	87.1652	574.995	-0.0308522
5	35.8629	87.0959	-293.695	0.0177271
6	23.422	64.1716	-464.291	0.026948
7	1.11302	87.8107	-918.941	0.061388
8	1.10663	89.4647	-1719.61	0.132029
9	1.04019	64.3456	-2256.68	0.235243
10	0.96712	60.1196	-2157.82	0.237709
11	0.977985	58.2974	-1965.21	0.224469
12	1.07442	53.396	-1188.88	0.203592
13	1.02797	54.6261	-35.5226	0.0502887
14	34.1363	61.7089	-33.9196	0.0494152
15	0.982609	58.6602	-32.2795	0.0473227
16	1.09124	68.1023	-24.7816	0.0390513
17	1.00543	52.4325	-16.5847	0.0283046
18	0.994771	79.8933	-11.535	0.0209786
19	1.06527	50.3019	-6.64232	0.0136748
20	1.26564	78.6446	-4.51466	0.0100852
21	1.09411	46.4495	-4.36992	0.00964486
22	0.958915	41.6408	-4.38709	0.00991767
23	0.899543	69.1558	-4.62775	0.0104015
24	1.00877	51.7804	-4.40615	0.0100127
25	1.00504	70.0375	-4.09324	0.00927263
26	0.974866	61.1652	-4.01537	0.00907627
27	1.01915	71.4835	-3.74718	0.00861603
28	1.05112	50.1773	-2.92319	0.00720439
29	0.997727	55.0019	-2.62106	0.00668812
30	1.01618	68.9705	-2.17187	0.00590804
31	0.990464	54.1115	-1.8265	0.00526687
32	1.04572	60.0936	-1.5716	0.00480398
33	1.34272	55.702	-1.12883	0.00399209
34	1.33314	65.5961	-0.98155	0.0037193
35	1.06322	47.1804	-0.460583	0.00277272
36	1.15144	54.8525	-0.0870249	0.00209006
37	1.47254	47.9959	-0.0510985	0.00202287
38	1.24371	68.1306	0.0277258	0.00187858
39	1.08235	60.4598	0.13893	0.00167574
40	1.40388	88.693	0.430589	0.00114597
41	1.13944	45.6429	0.876827	0.000346811
42	1.24936	59.8258	1.3513	-0.000498325
43	1.17286	46.2145	1.58275	-0.000903527
44	1.12395	54.431	1.75628	-0.00117815
45	1.07141	25.6637	1.78485	-0.00125035
46	1.05622	43.935	1.87506	-0.00143317
47	1.12124	40.3895	2.10365	-0.00182766
48	1.10648	51.9912	2.01847	-0.0016759
49	1.05029	25.9378	2.02473	-0.00169367
50	0.989909	28.6836	1.88532	-0.00144785
51	1.03251	1.19115	1.72152	-0.00115957
52	1.05057	50.9605	1.64065	-0.00101832
53	1.06594	46.1402	1.60731	-0.000969795
54	1.03655	1.24366	1.44708	-0.000697272
55	1.10032	34.4069	1.55249	-0.000868646
56	1.17203	41.5474	1.53099	-0.000808575
57	1.10952	16.198	1.58288	-0.000897882
58	1.11521	31.4476	1.49701	-0.000743401
59	1.14261	40.8815	1.40743	-0.000571213
60	1.06427	1.14311	1.25717	-0.000310851
61	1.11564	25.2216	1.18064	-0.000176904
62	1.01835	44.8581	1.07316	2.13353e-06
63	1.16288	51.3903	1.18102	-0.000176872
64	1.07738	28.7726	1.04196	6.5621e-05
65	1.06932	62.7491	1.04229	5.92556e-05
66	1.03586	36.1648	0.947231	0.000226269
67	1.04109	1.64409	0.834042	0.000426891
68	1.10624	8.47684	0.92323	0.000269379
69	1.07868	1.47234	1.00081	0.000133434
70	1.05139	1.26379	0.946257	0.000226371
71	1.0939	1.51328	1.00645	0.00012263
72	1.04914	48.5017	0.945769	0.000226422
73	1.1121	14.7802	1.0409	6.08064e-05
74	1.03043	1.46576	0.948907	0.000219895
75	1.08062	1.49597	1.04077	6.08101e-05
76	1.00196	1.34289	0.948434	0.000219943
77	1.04544	50.6529	0.954132	0.000207341
78	1.08534	49.3583	1.01212	0.000104
79	1.13403	24.0528	1.04673	5.0122e-05
80	1.04975	12.5155	1.04902	4.1673e-05
81	1.10498	58.7639	1.07767	-3.0307e-06
82	1.12304	24.7542	1.11399	-6.44852e-05
83	1.07117	24.4694	1.09633	-3.483e-05
84	1.04543	31.0047	1.05817	2.64639e-05
85	1.06306	65.04	1.0603	2.16696e-05
86	1.0509	1.31317	1.00518	0.000114843
87	1.04895	1.20763	0.950779	0.000210043
88	1.02525	29.1614	0.887679	0.000322643
89	1.04655	1.33972	0.849793	0.000384418
90	1.00983	45.1363	0.805454	0.000455804
91	1.02729	59.0078	0.794858	0.000473443
92	1.02051	42.4581	0.759159	0.00053521
93	0.960094	1.13899	0.736522	0.000573539
94	0.995982	46.388	0.71524	0.000609458
95	1.03007	56.7829	0.701177	0.000632301
96	1.01	1.2239	0.646166	0.000726682
97	0.951767	1.09884	0.596232	0.000808471
98	0.948332	57.2062	0.585644	0.000825272
99	0.965715	47.6574	0.538778	0.000905223
100	0.973975	1.08846	0.514052	0.000946114
101	0.996522	43.5728	0.482322	0.000998427
102	0.984652	35.4411	0.447635	0.00105534
103	0.97156	1.14138	0.388136	0.00115648
104	0.934706	1.18048	0.359835	0.00120404
105	1.0046	57.6534	0.319065	0.00127313
106	0.927166	1.24238	0.286669	0.00132663
107	0.952741	1.20739	0.245488	0.00139462
108	0.940425	1.12602	0.199221	0.00147123
109	0.957092	1.1226	0.167632	0.0015228
110	0.943818	1.23418	0.134264	0.00157753
111	0.946463	1.17749	0.0958256	0.0016405
112	0.977675	53.1589	0.0818113	0.0016626
113	0.959374	1.08832	0.0555546	0.00170517
114	0.935017	16.951	0.0108325	0.00177874
115	0.937141	1.13937	-0.017431	0.0018246
116	0.990647	1.14431	-0.0141796	0.00181751
117	0.943958	1.15807	-0.0578974	0.00188908
118	0.956867	1.13597	-0.0753196	0.00191632
119	0.931144	35.5089	-0.0939445	0.00194583
120	0.917929	1.11267	-0.127088	0.00199925
121	0.941944	1.03401	-0.154112	0.00204239
122	0.899362	1.01979	-0.207078	0.00212915
123	0.937227	1.00619	-0.19798	0.00211216
124	0.951834	1.10977	-0.212705	0.00213469
125	0.940906	1.0538	-0.190489	0.00209618
126	0.965907	1.10722	-0.175174	0.00206926
127	0.978708	1.03039	-0.163241	0.00204809
128	0.970374	1.05958	-0.148087	0.00202169
129	0.911622	1.18459	-0.14801	0.0020201
130	0.94521	1.06197	-0.140584	0.00200621
131	0.986987	1.08959	-0.127341	0.00198253
132	0.940997	1.01078	-0.120267	0.00196923
133	0.941724	1.02572	-0.125529	0.00197643
134	0.925361	1.02803	-0.124307	0.00197287
135	0.921585	1.13363	-0.122711	0.00196851
136	0.891437	7.69816	-0.130705	0.00198048
137	0.953287	1.16498	-0.123404	0.00196661
138	0.948962	16.6925	-0.111545	0.00194512
139	0.947235	1.14594	-0.0984116	0.00192178
140	0.929113	0.996058	-0.0941248	0.00191314
141	0.951234	1.03401	-0.0585179	0.00185236
142	0.911419	25.7702	-0.0469103	0.00183146
143	0.90727	1.12142	-0.0512458	0.00183721
144	0.940972	1.03452	-0.0419042	0.00182006
145	0.938112	1.07638	-0.0311625	0.00180056
146	0.932394	58.9761	-0.0208845	0.00178179
147	0.959508	68.4826	-0.00513828	0.00175381
148	0.907017	1.01156	0.00175333	0.00174074
149	0.938849	1.16739	0.0126224	0.00172098
150	0.981384	1.09615	0.0156779	0.00171436
151	0.953751	1.12134	0.0253682	0.00169663
152	0.9527	1.03637	0.041309	0.0016684
153	0.906902	1.03757	0.0520375	0.00164886
154	0.901219	1.01069	0.0578047	0.00163765
155	0.895461	60.6337	0.0505434	0.00164833
156	0.906958	1.07987	0.0567526	0.00163639
157	0.884995	0.925084	0.0557663	0.00163651
158	0.890928	1.00196	0.0624059	0.00162374
159	0.901988	0.999274	0.0672836	0.00161403
160	0.903084	1.02891	0.0678834	0.00161155
161	0.883506	1.00609	0.0680947	0.00160965
162	0.924265	1.01892	0.0757723	0.00159515
163	0.903032	38.0914	0.083829	0.0015801
164	0.926366	1.04609	0.0880646	0.00157143
165	0.93486	1.02553	0.0983367	0.00155261
166	0.923189	1.01453	0.102256	0.00154458
167	0.93775	0.972595	0.113245	0.00152448
168	0.911141	0.970036	0.122369	0.00150749
169	0.91184	0.993695	0.130241	0.00149276
170	0.897951	0.939184	0.139826	0.00147508
171	0.895414	0.91983	0.141918	0.00147031
172	0.889519	0.983331	0.14158	0.00146972
173	0.880566	0.927616	0.138504	0.0014732
174	0.880031	0.918207	0.137921	0.00147243
175	0.892165	0.931149	0.149139	0.00145241
176	0.878213	0.960154	0.154206	0.0014423
177	0.88602	0.927862	0.155092	0.00143951
178	0.889519	0.906993	0.160806	0.00142841
179	0.876662	0.920333	0.16083	0.00142691
180	0.883349	0.937045	0.162346	0.00142298
181	0.859291	0.930178	0.1601	0.00142531
182	0.880821	0.917694	0.161124	0.00142226
183	0.872515	0.995856	0.160679	0.00142154
184	0.878648	0.91769	0.159594	0.00142206
185	0.868346	0.917997	0.153122	0.00143148
186	0.890683	36.9623	0.15886	0.00142053
187	0.874052	0.926682	0.160299	0.00141683
188	0.870935	0.910711	0.160513	0.00141514
189	0.896455	0.976497	0.163567	0.0014086
