pelvis_tilt.offset              	-0.030295739	-0.028577134	0.0010237153	
hip_flexion_r.offset            	-0.02929761	-0.02863685	0.0011418348	
knee_angle_r.offset             	0.01886868	0.01910111	0.0010708577	
ankle_angle_r.offset            	0.016714986	0.017050267	0.0013537422	
hip_flexion_l.offset            	0.061291625	0.059355565	0.0011462033	
knee_angle_l.offset             	0.039523501	0.041571196	0.0011669497	
ankle_angle_l.offset            	-0.01640562	-0.015619863	0.0011333674	
stance_load_threshold           	0.0026594371	0.0046951199	0.0011123958	
S11111.tib_ant.KL               	1.3576151	1.3600124	0.01202446	
S11111.tib_ant.L0               	0.73161957	0.73133113	0.0010967791	
S11111.tib_ant-soleus.KF        	-0.29318072	-0.29264299	0.0012481108	
S00111.soleus.KF                	0.32533739	0.34793109	0.010817889	
S00111.gastroc.KF               	1.6457971	1.6411322	0.0097853591	
S11000.soleus.KV                	0.046450676	0.046818436	0.0058584402	
S11000.gastroc.KV               	0.14413127	0.14320777	0.0059553937	
S00011.vasti.KF                 	1.0503629	1.0648309	0.0093503143	
S00011.vasti.C0                 	0.070058957	0.069166883	0.00099702691	
S00011.vasti-knee_angle.pos_max 	-0.15768194	-0.15803786	0.0011840885	
S00011.hamstrings-pelvis_tilt.KP	1.5257006	1.5180743	0.011267266	
S00011.hamstrings-pelvis_tilt.KV	0.29673897	0.29636919	0.0011179133	
S00011.hamstrings-pelvis_tilt.C0	0.01894708	0.018222039	0.0011618326	
S00011.glut_max-pelvis_tilt.KP  	1.6475028	1.6163374	0.011792309	
S00011.glut_max-pelvis_tilt.KV  	0.21414342	0.21369355	0.0011631601	
S00011.glut_max-pelvis_tilt.C0  	0.037241919	0.036117742	0.0011642845	
S00011.iliopsoas-pelvis_tilt.KP 	-1.2517538	-1.2473157	0.012173268	
S00011.iliopsoas-pelvis_tilt.KV 	-0.30541021	-0.30173387	0.0011957181	
S00011.iliopsoas-pelvis_tilt.C0 	0.19314501	0.19318706	0.0014168042	
S00100.iliopsoas.C0             	0.26034313	0.26240308	0.0011678038	
S00100.glut_max.C0              	-0.1755845	-0.17694594	0.001199097	
S11000.iliopsoas.KL             	0.44730352	0.44866062	0.0012164862	
S11000.iliopsoas.L0             	0.55667654	0.55475163	0.0011448348	
S11000.iliopsoas-pelvis_tilt.P0 	-0.16424531	-0.16578007	0.0012228824	
S11000.iliopsoas-pelvis_tilt.KP 	0.66288708	0.6582642	0.012041296	
S11000.iliopsoas-pelvis_tilt.KV 	0.23197514	0.23249408	0.0011673969	
S11000.iliopsoas-hamstrings.KL  	-1.0451947	-1.0542455	0.043917732	
S11000.iliopsoas-hamstrings.L0  	0.87057933	0.86831734	0.0011524983	
S11000.hamstrings.KF            	0.58704729	0.5866014	0.0011955552	
S11000.glut_max.KF              	0.48754636	0.48706827	0.0011951971	
