generation	best_fitness	median_fitness	predicted_fitness	fitness_progress
0	94.5983	94.8614	0	0
1	94.1707	94.7684	-119.655	0.00454123
2	93.8993	94.5049	-80.8577	0.00371531
3	37.1033	94.0813	-120.51	0.00456194
4	69.6852	93.392	-3044.45	0.0788114
5	53.4373	70.4346	-4530.84	0.124283
6	41.6513	75.9364	-5023.91	0.147649
7	30.7448	69.0314	-5422.5	0.171853
8	1.52844	66.5588	-5654.15	0.193388
9	1.55999	63.4347	-5889.04	0.230778
10	26.1055	61.9484	-5676.84	0.239754
11	9.75849	58.5029	-5466.13	0.261853
12	24.8671	66.5183	-5186.5	0.276801
13	21.5831	66.468	-4261.75	0.213597
14	30.2992	61.3414	-4080	0.212757
15	1.43597	59.3466	-3196.8	0.155044
16	42.9311	61.539	-2160.39	0.113193
17	7.24699	73.2254	-1728.15	0.0987559
18	23.5023	67.5917	-1366.31	0.0866201
19	43.1764	64.347	-897.934	0.0580871
20	1.35563	68.7014	-1097.54	0.0784017
21	7.44544	65.0673	-960.423	0.0722214
22	26.2026	64.9304	-821.535	0.0645842
23	1.42218	54.8118	-964.295	0.0778434
24	1.39806	66.7013	-986.484	0.0819161
25	41.9261	67.8273	-941.96	0.0828185
26	28.2641	67.6808	-822.029	0.0735706
27	1.46803	68.822	-781.335	0.0718858
28	7.94185	62.5984	-760.675	0.0722833
29	9.11976	67.0992	-734.753	0.0620501
30	1.55817	66.7974	-752.433	0.0643779
31	1.40233	61.5284	-747.339	0.0645604
32	7.18326	60.1489	-711.115	0.0645743
33	42.9527	66.2945	-650.493	0.0621483
34	30.8052	67.699	-617.766	0.0590931
35	1.40395	39.6935	-541.491	0.0534266
36	7.85408	61.8593	-539.467	0.0531931
37	10.439	63.8104	-499.698	0.0509428
38	9.96313	61.9944	-484.415	0.0502672
39	27.4063	54.2216	-446.915	0.0441983
40	8.3464	64.6879	-413.728	0.0401775
41	1.43595	54.4906	-330.529	0.0337413
42	1.41708	65.0821	-348.748	0.0387961
43	1.45609	57.2102	-344.489	0.0389899
44	1.49814	64.9634	-378.684	0.0426071
45	23.7245	64.4588	-356.742	0.041936
46	6.52706	42.6378	-335.254	0.0394107
47	15.0325	64.1857	-293.214	0.0333721
48	1.49728	46.2192	-285.307	0.0328172
49	6.88977	67.3618	-284.027	0.0331219
50	1.45642	43.1459	-286.099	0.0338727
51	8.3187	31.1718	-277.522	0.0336634
52	16.2484	57.9831	-259.645	0.0327929
53	1.48973	65.6013	-268.163	0.0340238
54	1.56642	56.1113	-259.092	0.0338714
55	27.8016	43.6641	-222.191	0.0308795
56	25.6081	46.5507	-179.705	0.0270319
57	1.63926	57.5241	-169.641	0.0263386
58	1.59554	43.2355	-186.742	0.0287042
59	38.4492	50.8266	-161.244	0.0259542
60	12.3292	48.8784	-138.565	0.0234167
61	25.6939	63.5703	-123.105	0.0214776
62	13.162	62.4707	-94.8737	0.0173793
63	1.55659	64.9218	-116.637	0.0209363
64	1.59802	62.448	-116.777	0.0213451
65	24.6581	66.031	-104.049	0.0193803
66	1.62869	62.7827	-105.498	0.0199756
67	1.58326	60.6788	-111.933	0.0216682
68	1.54995	63.3357	-111.172	0.0223277
69	10.3068	43.3407	-96.533	0.0197283
70	1.55758	59.1791	-97.5161	0.0208851
71	1.52811	55.5809	-103.903	0.0224892
72	20.4618	43.0954	-95.7297	0.0210024
73	12.3232	52.0926	-86.173	0.018634
74	10.0179	41.7263	-80.564	0.0168094
75	1.55138	43.3216	-88.6216	0.0193615
76	1.48366	52.9284	-89.3548	0.0207358
77	1.45356	44.3823	-85.0571	0.0202953
78	1.46448	38.5572	-88.862	0.0214164
79	1.48753	41.2727	-84.0869	0.0207471
80	1.50098	44.5656	-80.8754	0.0205717
81	1.48788	34.499	-76.7314	0.0203826
82	1.49928	67.8484	-73.7849	0.0202417
83	1.39761	32.9133	-72.6959	0.0201628
84	1.48007	39.5099	-70.5346	0.0199829
85	1.40434	35.617	-68.9255	0.0198023
86	1.4558	50.2447	-63.4459	0.0189139
87	1.37473	14.2277	-59.3852	0.0184671
88	1.46895	28.6836	-58.7264	0.0185324
89	1.34723	41.6846	-58.2718	0.0183708
90	1.38354	38.7217	-57.4234	0.0181869
91	1.50283	65.1705	-56.9986	0.0183102
92	1.37174	38.0124	-54.9559	0.018308
93	1.4226	23.6014	-50.6939	0.0173189
94	1.46204	64.481	-48.7279	0.0170797
95	1.43266	49.2228	-47.5687	0.0169475
96	1.439	27.8234	-41.6148	0.0159903
97	1.43326	38.5865	-40.7281	0.0159377
98	1.46268	36.7874	-28.6452	0.0140109
99	1.32979	25.2127	-22.1761	0.0129231
