pelvis_tilt.offset              	-0.019088098	-0.023235993	0.0026233237	
hip_flexion_r.offset            	-0.016376123	-0.014942733	0.0028084445	
knee_angle_r.offset             	0.031838944	0.036071345	0.0027324539	
ankle_angle_r.offset            	0.0066481255	0.0044878779	0.0031923335	
hip_flexion_l.offset            	0.042073467	0.040064117	0.0029066421	
knee_angle_l.offset             	0.045689891	0.042957029	0.0028918073	
ankle_angle_l.offset            	0.0047185984	0.0035895082	0.0029388796	
stance_load_threshold           	0.025396598	0.025208343	0.0027937704	
S11111.tib_ant.KL               	1.5393789	1.5421641	0.029621059	
S11111.tib_ant.L0               	0.69341023	0.6954899	0.0027846605	
S11111.tib_ant-soleus.KF        	-0.31167685	-0.30791577	0.0030533573	
S00111.soleus.KF                	0.13447287	0.14941253	0.028957069	
S00111.gastroc.KF               	1.3371291	1.3579431	0.024809665	
S00111.soleus.KV                	0.24301156	0.22387965	0.014947197	
S00111.gastroc.KV               	0.0051502515	0.0087675741	0.014582	
S11000.soleus.KV                	0.03417355	0.028661323	0.01501458	
S11000.gastroc.KV               	0.012314868	0.0012891347	0.014371561	
S00011.vasti.KF                 	1.0391975	1.0061093	0.024328663	
S00011.vasti.C0                 	0.055117883	0.057249341	0.0024821269	
S00011.vasti-knee_angle.pos_max 	-0.13532642	-0.13170058	0.0029829677	
S00011.hamstrings-pelvis_tilt.KP	1.4933983	1.5014373	0.029159012	
S00011.hamstrings-pelvis_tilt.KV	0.29927566	0.29563152	0.0028547653	
S00011.hamstrings-pelvis_tilt.C0	0.033751216	0.034524374	0.0030085333	
S00011.glut_max-pelvis_tilt.KP  	1.4767804	1.475282	0.029280537	
S00011.glut_max-pelvis_tilt.KV  	0.19321072	0.18904392	0.0028801672	
S00011.glut_max-pelvis_tilt.C0  	0.00089516862	0.0016715893	0.0028288723	
S00011.iliopsoas-pelvis_tilt.KP 	-1.5625598	-1.5930842	0.031721322	
S00011.iliopsoas-pelvis_tilt.KV 	-0.33485703	-0.33293856	0.0030768248	
S00011.iliopsoas-pelvis_tilt.C0 	0.21983387	0.22515198	0.0037091859	
S00100.iliopsoas.C0             	0.27468754	0.27412689	0.0029245997	
S00100.glut_max.C0              	-0.17736039	-0.17648317	0.0028986625	
S11000.iliopsoas.KL             	0.46215597	0.46317078	0.0032207892	
S11000.iliopsoas.L0             	0.56589242	0.5589567	0.0028451688	
S11000.iliopsoas-pelvis_tilt.P0 	-0.11769816	-0.11616435	0.0032918665	
S11000.iliopsoas-pelvis_tilt.KP 	1.1504424	1.1125454	0.030370321	
S11000.iliopsoas-pelvis_tilt.KV 	0.23242726	0.23363791	0.0028532921	
S11000.iliopsoas-hamstrings.KL  	-1.0586551	-1.0791481	0.11205133	
S11000.iliopsoas-hamstrings.L0  	0.86633203	0.86330454	0.0028068624	
S11000.hamstrings.KF            	0.57302691	0.57367365	0.0029748112	
S11000.glut_max.KF              	0.46207466	0.46215986	0.0030431495	
