generation	best_fitness	median_fitness	predicted_fitness	fitness_progress
0	94.4365	95.1451	0	0
1	92.347	94.7534	-952.422	0.022627
2	92.286	93.9604	-445.352	0.0115841
3	88.2159	92.8988	-946.551	0.0229207
4	87.0968	89.7638	-867.093	0.0212765
5	83.0282	89.832	-952.704	0.0235053
6	83.0615	85.3196	-909.817	0.0226848
7	81.2992	86.0227	-876.004	0.0220441
8	80.9253	82.4531	-862.5	0.0219141
9	80.7893	82.2857	-821.27	0.0211041
10	76.7517	81.4185	-796.228	0.0206616
11	72.8286	81.4385	-806.399	0.0210916
12	71.3923	77.054	-832.405	0.021964
13	70.817	73.9277	-819.769	0.0218348
14	61.708	71.6201	-856.244	0.0230072
15	47.3984	65.057	-875.124	0.0237289
16	32.2582	59.3668	-910.321	0.0249106
17	24.6133	54.239	-924.132	0.0256063
18	1.30498	45.3308	-959.107	0.026823
19	1.28466	38.0822	-1008.12	0.0287874
20	1.20981	1.28926	-1143.92	0.0338811
21	1.157	1.27568	-1265.05	0.0384104
22	1.1864	1.22569	-1573.21	0.0517774
23	1.16092	1.21049	-1852.1	0.0667732
24	1.11184	1.20295	-1913.23	0.0739625
25	1.13015	1.17761	-1970.06	0.0807241
26	1.11826	1.18664	-1993.02	0.0848613
27	1.12271	1.17873	-2025.19	0.0875523
28	1.11657	1.16976	-2060.93	0.0929887
29	1.10642	1.18755	-2000.17	0.091778
30	1.11218	45.8798	-1980.09	0.0937917
31	1.13245	46.6457	-1922.36	0.0925081
32	1.14288	10.5171	-1811.78	0.0862627
33	1.13285	1.17987	-1747.01	0.0857449
34	1.1023	1.15229	-1649.89	0.0803187
35	1.09505	1.17983	-1611.97	0.080134
36	1.0966	1.14558	-1312.53	0.0669623
37	1.10763	1.12965	-36.3606	0.0310326
38	1.05592	1.12584	-30.8722	0.0286925
39	1.05311	1.16243	-25.4041	0.0263275
40	1.07311	1.12244	-23.6389	0.0256319
41	1.06483	1.11998	-16.3052	0.0207223
42	1.05796	1.13197	-15.1382	0.019914
43	1.07783	1.13723	-11.763	0.0168641
44	1.04953	1.16059	-9.45377	0.0145185
45	1.0487	67.1895	-7.15232	0.0120341
46	1.07756	1.16801	-6.93459	0.0118032
47	1.10291	64.469	-5.8904	0.010562
48	1.07239	1.14476	-4.62872	0.00895761
49	1.06849	1.13225	-4.44896	0.00870348
50	1.06941	84.8089	-4.23251	0.00840048
51	1.04381	1.1384	-3.88066	0.00791242
52	1.07093	59.8602	-3.65276	0.00757234
53	1.08203	75.995	-2.95708	0.00649101
54	1.05094	1.12609	-2.58175	0.00594124
55	1.08587	92.1331	-2.49966	0.00581941
56	1.06225	1.15989	-2.31918	0.00555168
57	1.05008	1.12674	-2.17752	0.00534509
58	1.03941	1.10357	-2.04571	0.00515094
59	1.03931	1.18537	-1.92608	0.00496662
60	1.01343	1.07478	-1.74618	0.00469222
61	1.05056	1.10272	-1.65744	0.00456094
62	1.06205	1.10174	-1.60347	0.00447729
63	1.02329	1.14615	-1.54733	0.00439048
64	1.03444	55.1963	-1.50289	0.00432201
65	1.01629	1.1244	-1.39338	0.00414663
66	1.00302	1.10744	-1.30614	0.00400615
67	0.986868	1.13562	-1.26919	0.00395182
68	1.00717	92.062	-1.23316	0.0038947
69	1.00894	14.1065	-1.18274	0.00381272
70	0.995923	1.06402	-1.08034	0.00364891
71	1.00895	18.64	-1.05365	0.00360663
72	1.0208	1.08419	-1.03947	0.00358417
73	1.00415	75.5672	-0.997584	0.00351735
74	1.03865	1.09335	-0.953992	0.00344771
75	1.02719	1.10117	-0.894699	0.00334973
76	1.00317	1.11268	-0.857534	0.00328739
77	1.01036	1.10383	-0.764024	0.00313438
78	1.03611	1.07111	-0.734244	0.00308475
79	1.02523	22.9249	-0.714391	0.00304896
80	1.00992	63.5438	-0.691734	0.00300938
81	1.02047	1.04979	-0.637125	0.00291793
82	1.01	1.07436	-0.637499	0.0029171
83	0.996656	1.06414	-0.572522	0.00280846
84	1.0001	1.05481	-0.534076	0.00274172
85	0.997678	1.11225	-0.514275	0.0027067
86	1.02193	1.05005	-0.475013	0.0026404
87	1.01366	1.03025	-0.436687	0.00257448
88	0.978681	1.01796	-0.417762	0.00254091
89	0.989645	1.02655	-0.412729	0.00253093
90	0.98188	1.02364	-0.403362	0.0025139
91	0.997225	1.02168	-0.379565	0.00247263
92	0.989088	1.00378	-0.350115	0.00242151
93	0.995551	1.03316	-0.33348	0.00239191
94	0.991525	1.01882	-0.315942	0.00236076
95	0.969772	1.00645	-0.310193	0.00234914
96	0.974361	1.01411	-0.305296	0.00233926
97	0.966819	1.01762	-0.297114	0.00232402
98	0.970125	56.4527	-0.275938	0.00228697
99	0.96487	53.8733	-0.270474	0.00227628
