pelvis_tilt.offset              	-0.015045282	-0.017320272	0.0037566514	
hip_flexion_r.offset            	-0.011818047	-0.013892054	0.0041252032	
knee_angle_r.offset             	0.0092773307	0.0088037145	0.0038403234	
ankle_angle_r.offset            	-0.010912442	-0.0042572216	0.0044817347	
hip_flexion_l.offset            	0.052524091	0.049939798	0.0039854534	
knee_angle_l.offset             	0.041115107	0.044249828	0.0040152603	
ankle_angle_l.offset            	-0.013309905	-0.015030679	0.0041004764	
stance_load_threshold           	0.0051195375	0.0045240329	0.0039418473	
S11111.tib_ant.KL               	1.3518038	1.33715	0.041538354	
S11111.tib_ant.L0               	0.74026249	0.73948919	0.0038020511	
S11111.tib_ant-soleus.KF        	-0.30156338	-0.29961613	0.0041817281	
S00111.soleus.KF                	0.26993911	0.3401157	0.038949596	
S00111.gastroc.KF               	1.5832037	1.5222927	0.0347755	
S00111.soleus.KV                	0.0062074793	0.011458849	0.020684482	
S00111.gastroc.KV               	0.010436041	0.0012099186	0.021571238	
S11000.soleus.KV                	0.01139986	0.0020140467	0.020960634	
S11000.gastroc.KV               	0.006932302	0.0037577978	0.021519911	
S00011.vasti.KF                 	0.99771621	1.0291357	0.03338314	
S00011.vasti.C0                 	0.070967425	0.070903077	0.0034116993	
S00011.vasti-knee_angle.pos_max 	-0.16257596	-0.16305384	0.0042414703	
S00011.hamstrings-pelvis_tilt.KP	1.6316957	1.6670118	0.039659351	
S00011.hamstrings-pelvis_tilt.KV	0.2881526	0.28879571	0.004023657	
S00011.hamstrings-pelvis_tilt.C0	0.0070164959	0.0081159494	0.0042452087	
S00011.glut_max-pelvis_tilt.KP  	1.5216811	1.5312454	0.040181816	
S00011.glut_max-pelvis_tilt.KV  	0.21342627	0.20740441	0.00409675	
S00011.glut_max-pelvis_tilt.C0  	0.026869127	0.030989797	0.0039093425	
S00011.iliopsoas-pelvis_tilt.KP 	-1.1047989	-1.1282459	0.041512885	
S00011.iliopsoas-pelvis_tilt.KV 	-0.29036361	-0.2891793	0.0042215585	
S00011.iliopsoas-pelvis_tilt.C0 	0.23131423	0.22821619	0.0051752241	
S00100.iliopsoas.C0             	0.2540434	0.2592266	0.0041215946	
S00100.glut_max.C0              	-0.1889297	-0.18246736	0.0041726818	
S11000.iliopsoas.KL             	0.4472757	0.44785619	0.0043470597	
S11000.iliopsoas.L0             	0.54451162	0.54642017	0.0039770633	
S11000.iliopsoas-pelvis_tilt.P0 	-0.17000687	-0.16755483	0.0043206053	
S11000.iliopsoas-pelvis_tilt.KP 	0.74013063	0.70744691	0.042204973	
S11000.iliopsoas-pelvis_tilt.KV 	0.25703004	0.25655458	0.0040450977	
S11000.iliopsoas-hamstrings.KL  	-0.79738769	-0.98942177	0.16368566	
S11000.iliopsoas-hamstrings.L0  	0.86803192	0.87278313	0.0039144706	
S11000.hamstrings.KF            	0.5719719	0.56899758	0.0042300378	
S11000.glut_max.KF              	0.48981296	0.49113247	0.0042319667	
