generation	best_fitness	median_fitness	predicted_fitness	fitness_progress
0	95.6356	96.2998	0	0
1	95.4614	95.9363	8.34517	0.00182516
2	94.4647	95.5765	-198.271	0.00617864
3	64.8532	94.5793	-405.299	0.0105973
4	54.2684	66.6952	-5219.41	0.150405
5	38.5778	57.8089	-6825.95	0.204881
6	29.1656	63.4183	-6542.61	0.216
7	29.103	53.7211	-6094.54	0.226613
8	21.6481	48.5228	-5735.23	0.236726
9	22.5519	48.1497	-5287.79	0.225315
10	18.5988	52.9415	-5124.25	0.230381
11	14.6509	22.2239	-4671.82	0.233367
12	13.0521	18.7543	-3287.3	0.158122
13	8.80229	14.6021	-2589.24	0.140071
14	1.15242	13.2223	-2349.34	0.148255
15	1.17153	6.27305	-1988.45	0.143731
16	1.11838	1.20664	-1978.28	0.148629
17	1.08278	1.15874	-1980.78	0.159663
18	1.02217	1.15536	-1872.13	0.170553
19	0.971247	1.07477	-1761.65	0.170278
20	0.860832	0.996943	-1759.51	0.180204
21	0.843563	9.36057	-1721.17	0.187976
22	0.876591	1.04083	-1680.17	0.195918
23	0.89197	1.00814	-1579.89	0.187028
24	0.868773	1.00403	-1473.6	0.174202
25	0.811476	6.64516	-1437.59	0.182603
26	0.820454	8.34035	-1383.48	0.177501
27	0.818757	0.924516	-1352.01	0.184372
28	0.80951	0.934972	-875.653	0.124906
29	0.811653	0.952669	-54.4519	0.0479818
30	0.840318	1.0331	-42.8395	0.0438296
31	0.829589	1.01136	-30.381	0.0373501
32	0.852605	1.00726	-29.3171	0.0363796
33	0.823055	1.00611	-29.0819	0.0363315
34	0.804203	1.00515	-26.9513	0.0350625
35	0.780171	1.02114	-24.7996	0.0333151
36	0.815663	12.2255	-24.3837	0.0327573
37	0.799656	0.870395	-23.8557	0.0326613
38	0.831463	6.30469	-21.4989	0.0311329
39	0.833182	1.0296	-19.7949	0.0298889
40	0.785167	0.962336	-14.7279	0.0251895
41	0.811894	10.1229	-12.6551	0.0230744
42	0.798783	6.86241	-11.2232	0.0215016
43	0.807319	0.884634	-10.9729	0.020851
44	0.802228	6.04276	-10.1103	0.0194462
45	0.795883	8.24446	-7.79939	0.0163326
46	0.821844	8.96218	-5.34815	0.0119277
47	0.811958	13.0642	-4.51397	0.0106218
48	0.80981	0.901137	-3.83987	0.00950098
49	0.802822	17.8325	-3.64501	0.00913094
