pelvis_tilt.offset              	-0.01527134	-0.016972325	0.0012685506	
hip_flexion_r.offset            	-0.033768418	-0.032522526	0.0014601418	
knee_angle_r.offset             	0.009734269	0.0093685985	0.001337511	
ankle_angle_r.offset            	0.0005859194	-5.7652425e-05	0.0015070809	
hip_flexion_l.offset            	0.047685405	0.048396021	0.0014755122	
knee_angle_l.offset             	0.052452283	0.051108357	0.0014226759	
ankle_angle_l.offset            	0.0020956922	0.00088812122	0.0015333642	
stance_load_threshold           	0.02632929	0.024736508	0.0013927665	
S11111.tib_ant.KL               	1.1493564	1.1699818	0.014382433	
S11111.tib_ant.L0               	0.73063273	0.73257032	0.0014011478	
S11111.tib_ant-soleus.KF        	-0.29438576	-0.29373395	0.0014797403	
S00111.soleus.KF                	0.51065567	0.50230699	0.014029801	
S00111.gastroc.KF               	1.5224429	1.494029	0.012774268	
S11000.soleus.KV                	0.088635489	0.09646659	0.00722423	
S11000.gastroc.KV               	0.11317848	0.11592171	0.0059814246	
S00011.vasti.KF                 	0.94288646	0.95974385	0.012556668	
S00011.vasti.C0                 	0.083937483	0.083117853	0.0012841562	
S00011.vasti-knee_angle.pos_max 	-0.15252027	-0.1529668	0.0014548121	
S00011.hamstrings-pelvis_tilt.KP	1.598753	1.6120082	0.01457246	
S00011.hamstrings-pelvis_tilt.KV	0.28774247	0.2893384	0.0014547683	
S00011.hamstrings-pelvis_tilt.C0	0.019154707	0.018829674	0.001469518	
S00011.glut_max-pelvis_tilt.KP  	1.622151	1.6143034	0.014524061	
S00011.glut_max-pelvis_tilt.KV  	0.19790728	0.19706668	0.0014663785	
S00011.glut_max-pelvis_tilt.C0  	0.041698663	0.042576151	0.0014422337	
S00011.iliopsoas-pelvis_tilt.KP 	-1.3506183	-1.3799401	0.015476737	
S00011.iliopsoas-pelvis_tilt.KV 	-0.29634262	-0.29461945	0.0015199851	
S00011.iliopsoas-pelvis_tilt.C0 	0.1972076	0.19965772	0.0018585243	
S00100.iliopsoas.C0             	0.26540891	0.26680583	0.0014596352	
S00100.glut_max.C0              	-0.165948	-0.16809201	0.001558878	
S11000.iliopsoas.KL             	0.45275417	0.45318256	0.0016628416	
S11000.iliopsoas.L0             	0.5424796	0.54174567	0.0014832682	
S11000.iliopsoas-pelvis_tilt.P0 	-0.1771768	-0.17394028	0.0015181346	
S11000.iliopsoas-pelvis_tilt.KP 	0.83650686	0.84993635	0.015649959	
S11000.iliopsoas-pelvis_tilt.KV 	0.22364282	0.22423966	0.001461379	
S11000.iliopsoas-hamstrings.KL  	-1.8167009	-1.7061667	0.061834347	
S11000.iliopsoas-hamstrings.L0  	0.8627285	0.86517399	0.0014609579	
S11000.hamstrings.KF            	0.59814071	0.59529378	0.0015368493	
S11000.glut_max.KF              	0.48564341	0.4855532	0.0015080251	
