generation	best_fitness	median_fitness	predicted_fitness	fitness_progress
0	88.2554	92.1519	0	0
1	54.9842	81.4415	-16580.6	0.605105
2	71.8757	74.8178	-4023.05	0.107803
3	56.2488	73.8013	-4656.57	0.139617
4	70.3253	74.072	-2178.36	0.0643724
5	71.6096	73.0807	550.618	-0.0137832
6	70.1686	73.3256	370.45	-0.00853762
7	71.8901	73.6378	237.06	-0.0046864
8	72.3201	73.8606	310.219	-0.00673411
9	68.7705	72.7774	214.656	-0.00401748
10	68.9466	73.5308	83.365	-0.000366242
11	71.8908	72.9615	118.206	-0.00131808
12	71.6732	72.7691	114.779	-0.00121086
13	71.7384	72.7434	99.7559	-0.000784961
14	49.0419	73.6792	77.9903	-0.000175713
15	64.831	72.873	51.0187	0.000551693
16	48.2265	72.328	4.01874	0.00185707
17	66.0393	87.6229	-44.5867	0.00323411
18	49.3614	73.3128	-104.136	0.00493555
19	62.5547	73.2506	-142.871	0.00606048
20	65.1538	73.4678	-133.926	0.00580014
21	48.2917	72.746	-159.287	0.0065599
22	40.1862	72.9864	-187.007	0.00739168
23	57.738	80.7429	-218.907	0.00838329
24	69.6116	73.1683	-188.004	0.00744673
25	65.3064	72.6838	-161.069	0.00664711
26	62.8112	72.734	-141.882	0.00607185
27	55.1018	72.1052	-179.908	0.00723496
28	70.1893	72.8446	-142.697	0.00610894
29	64.7976	74.0688	-147.898	0.00626242
30	60.7972	73.6776	-155.403	0.00648067
31	62.3247	73.3461	-140.428	0.00604642
32	70.9366	73.0881	-131.321	0.00578121
33	70.0806	73.7073	-128.08	0.00568669
34	64.5662	73.8884	-112.506	0.005227
35	62.0805	72.8982	-107.555	0.00507692
36	56.8805	72.892	-113.198	0.00525446
37	64.1658	72.8287	-104.215	0.00498139
38	47.27	72.3993	-113.682	0.00527582
39	54.7756	73.0665	-116.728	0.00537593
40	49.7082	73.2419	-123.691	0.00559334
41	41.1241	71.7882	-129.742	0.00578411
42	42.4146	70.3594	-140.006	0.00610943
43	49.9112	70.6283	-144.172	0.00624725
44	37.7725	72.6784	-149.955	0.00644685
45	34.3242	69.4887	-153.669	0.0065788
46	25.507	72.6173	-167.323	0.00704403
47	57.1893	71.9281	-154.5	0.00662237
48	48.7041	68.6902	-165.037	0.00698576
49	60.1447	70.4209	-153.189	0.00659472
50	32.5335	69.282	-165.904	0.00703491
51	46.77	70.3941	-176.495	0.00740716
52	50.376	70.7366	-167.657	0.0071156
53	54.7006	71.4622	-165.732	0.00705762
54	57.6505	71.3432	-160.921	0.00690149
55	43.9068	71.4293	-165.327	0.00706605
56	56.7775	71.2783	-160.822	0.00691682
57	44.8114	71.8282	-166.185	0.00711633
58	48.852	71.9753	-162.607	0.00699808
59	48.2423	71.5931	-163.819	0.00704987
60	45.4652	71.1828	-169.352	0.00725706
61	47.1169	66.9626	-167.956	0.00721838
62	31.0574	69.9245	-171.299	0.00734919
63	34.5012	67.0894	-177.969	0.00760039
64	47.6136	70.6142	-174.677	0.00749549
65	33.4946	70.0503	-181.598	0.00775316
66	62.0855	71.5232	-175.554	0.00755209
67	50.7791	66.0366	-171.96	0.00742779
68	54.0417	68.7743	-171.318	0.00741841
69	48.4525	63.4318	-167.94	0.00729355
70	21.3392	60.166	-172.178	0.00747385
71	47.5632	67.2047	-168.786	0.00734713
72	41.1998	68.4972	-173.037	0.00753013
73	32.6341	70.8813	-174.55	0.00759707
74	48.6933	67.365	-173.896	0.00758726
75	46.8616	64.9975	-171.904	0.00750516
76	47.0894	65.6171	-169.485	0.00743348
77	38.8185	71.9887	-171.325	0.00751272
78	58.6481	69.4553	-169.62	0.0074664
79	52.1357	63.6275	-167.853	0.00740522
80	55.5002	64.5886	-162.548	0.00721647
81	53.0804	69.2803	-155.979	0.00697007
82	41.5391	70.6056	-154.046	0.00690794
83	40.3724	67.7553	-153.244	0.00688937
84	32.7911	64.3182	-154.824	0.00695599
85	56.9571	70.3268	-153.01	0.00690559
86	41.3733	69.0861	-151.407	0.0068589
87	49.9853	67.7343	-149.417	0.00678335
88	49.072	66.5713	-145.287	0.0066438
89	42.3087	65.5897	-141.796	0.0065109
90	40.4639	71.3896	-136.694	0.00633053
91	57.2385	67.6702	-133.253	0.00621549
92	46.2838	64.8591	-129.704	0.00608916
93	50.914	62.5365	-122.499	0.0058526
94	47.8014	65.3372	-115.091	0.00563534
95	43.3222	67.581	-106.599	0.00535726
96	48.707	56.9217	-101.277	0.00517436
97	48.4351	64.5416	-93.5731	0.00489938
98	41.9379	69.5027	-91.8816	0.00485421
99	35.7598	63.9238	-94.1022	0.00493236
100	44.1739	65.0708	-90.4925	0.00481886
101	37.6399	50.9043	-90.7259	0.00484151
102	45.0014	65.7112	-89.726	0.00480214
103	41.3785	63.9346	-89.9091	0.00480742
104	33.4616	60.2509	-91.099	0.00485171
105	35.6578	65.7798	-92.5022	0.00491035
106	33.9624	70.212	-95.4738	0.0050115
107	40.0842	67.89	-93.5258	0.00494937
108	32.3208	65.4747	-96.0147	0.00503674
109	34.0104	62.7885	-99.8966	0.00518608
110	51.8651	71.1227	-96.5557	0.00506224
111	33.6868	62.0052	-100.45	0.00521311
112	21.6973	60.6334	-104.355	0.00537167
113	39.2134	69.1704	-101.535	0.00525929
114	16.4635	68.0669	-104.92	0.00540068
115	47.6908	69.1498	-102.091	0.00528709
116	42.7632	58.1977	-98.1787	0.0051403
117	48.9566	70.2324	-95.6292	0.00505757
118	32.1328	58.1787	-98.7197	0.00516686
119	42.8906	70.2158	-96.16	0.00508328
120	45.0824	70.309	-92.8282	0.00496987
121	45.8417	57.8565	-90.0496	0.00488258
122	44.6461	60.1705	-87.339	0.00479981
123	41.5312	64.7272	-82.7551	0.0046578
124	46.7459	61.565	-78.1	0.00451859
125	48.7682	65.3129	-75.3582	0.00440916
126	44.4765	58.8125	-69.7953	0.00421187
127	47.1074	67.2671	-68.1127	0.00413999
128	36.246	66.0514	-66.6931	0.00409843
129	57.7114	70.1114	-65.2028	0.00403777
130	42.1469	66.3214	-64.076	0.00399344
131	41.1754	64.6092	-61.134	0.00389346
132	55.351	65.2607	-56.8635	0.00373769
133	28.9443	57.1787	-59.4311	0.00383331
134	50.0576	66.8261	-56.4534	0.00372263
135	49.4925	69.8609	-53.9483	0.00363506
136	38.4907	65.6147	-53.9262	0.00362978
137	56.5793	65.817	-52.5745	0.00358338
138	44.3747	68.9542	-50.6383	0.00351241
139	27.0159	64.7299	-52.4634	0.00358026
140	46.1606	58.04	-50.5492	0.00351023
141	41.5781	64.5258	-48.8185	0.00345045
142	49.5486	71.7626	-45.9175	0.00335588
143	30.2788	61.9815	-49.167	0.0034624
144	47.1654	66.317	-46.2545	0.00336718
145	58.5756	72.115	-42.6452	0.00324654
146	46.9804	65.1335	-40.8488	0.00318092
147	47.4227	65.2761	-38.7483	0.00310173
148	47.7044	69.9264	-37.7095	0.00306412
149	49.4933	68.1028	-35.9345	0.0029998
150	41.1924	72.1052	-33.7505	0.00291378
151	47.6276	71.1332	-31.7741	0.00284402
152	51.3541	71.8682	-29.0311	0.00274228
153	56.1554	69.2821	-27.3519	0.00268321
154	64.9576	71.5631	-24.2321	0.00257655
155	40.2517	72.1016	-21.8463	0.00249223
156	47.6016	72.8018	-20.58	0.00244546
157	52.9772	70.9793	-19.4166	0.00240548
158	49.6681	71.7699	-17.7864	0.00234852
159	63.9325	72.4612	-15.5272	0.00226917
160	51.7475	72.2794	-14.038	0.00221593
161	15.7637	73.1833	-15.7517	0.00227433
162	46.4946	69.2646	-14.257	0.00222085
163	55.5434	72.2334	-13.2852	0.00218595
164	14.2064	71.9433	-14.476	0.00222579
165	52.882	72.9693	-13.5003	0.00219074
166	61.3408	72.7748	-11.4049	0.00211452
167	61.3601	71.9473	-9.26141	0.00203671
168	70.3976	72.3237	-8.17217	0.00199716
169	62.8132	72.052	-7.31334	0.00196575
170	53.1693	72.6517	-4.85614	0.00187937
171	48.6388	73.1023	-3.47807	0.0018299
172	61.4933	71.8939	-1.17094	0.00174847
173	27.1255	73.6379	-3.65865	0.00183325
174	42.7348	67.297	-1.34348	0.00175154
175	61.7643	70.9409	0.636093	0.00168159
176	30.6788	72.091	-1.51602	0.00175461
177	49.101	72.006	0.470333	0.00168442
178	44.6209	72.0009	1.2903	0.0016547
179	47.5046	71.0648	2.14574	0.00162401
180	17.5355	72.7696	1.12736	0.00165745
181	19.1547	71.2646	0.138809	0.00169012
182	49.8006	73.1977	0.964417	0.0016602
183	46.0515	72.1218	1.82502	0.0016293
184	50.2648	71.7832	3.16613	0.00158182
185	49.5685	72.4354	4.21927	0.00154443
186	32.5535	72.003	3.01049	0.00158432
187	20.7653	71.1	1.5043	0.00163462
188	49.814	68.746	2.85484	0.00158684
189	27.8148	70.6217	1.34394	0.0016373
190	47.6987	70.7751	2.6992	0.00158936
191	31.0267	72.1747	1.18358	0.00163999
192	43.7687	64.9871	2.54356	0.00159189
193	32.8866	71.7013	1.20963	0.00163627
194	23.4443	70.0401	0.233597	0.00166839
195	52.0211	71.2937	1.04988	0.00163896
196	47.2682	71.0449	2.41413	0.00159071
197	48.0918	69.175	3.30682	0.00155887
198	47.7725	73.0893	5.57398	0.00148004
199	43.7825	66.2088	7.73965	0.00140474
