pelvis_tilt.offset              	-0.01948879	-0.01955698	0.0017962781	
hip_flexion_r.offset            	-0.038012977	-0.037537211	0.0019903996	
knee_angle_r.offset             	0.015701811	0.015795374	0.0018564034	
ankle_angle_r.offset            	-0.0058267168	-0.0044311615	0.0021797325	
hip_flexion_l.offset            	0.045612151	0.049734881	0.0020753489	
knee_angle_l.offset             	0.043350063	0.042363492	0.0020671715	
ankle_angle_l.offset            	-0.023640459	-0.024710149	0.0020094583	
stance_load_threshold           	0.0071067155	0.0024306214	0.0019435872	
S11111.tib_ant.KL               	0.77750177	0.8289867	0.023534624	
S11111.tib_ant.L0               	0.73094673	0.73430164	0.001898646	
S11111.tib_ant-soleus.KF        	-0.28894265	-0.28577667	0.002080847	
S00111.soleus.KF                	0.49426472	0.52792345	0.019164176	
S00111.gastroc.KF               	1.7345327	1.7221754	0.018059739	
S11000.soleus.KV                	0.081473549	0.089781872	0.0097529988	
S11000.gastroc.KV               	0.18060536	0.19648112	0.010273107	
S00011.vasti.KF                 	0.95911965	0.99670801	0.01603458	
S00011.vasti.C0                 	0.053559215	0.052869015	0.0017749877	
S00011.vasti-knee_angle.pos_max 	-0.14148387	-0.14484595	0.0022187659	
S00011.hamstrings-pelvis_tilt.KP	1.6039393	1.6282133	0.019640962	
S00011.hamstrings-pelvis_tilt.KV	0.31077893	0.31104458	0.0019953595	
S00011.hamstrings-pelvis_tilt.C0	0.03193435	0.030804231	0.0020760298	
S00011.glut_max-pelvis_tilt.KP  	1.5167492	1.5286562	0.020509224	
S00011.glut_max-pelvis_tilt.KV  	0.20825156	0.20863999	0.002043729	
S00011.glut_max-pelvis_tilt.C0  	0.038120229	0.035079904	0.0019515084	
S00011.iliopsoas-pelvis_tilt.KP 	-1.0778977	-1.0853212	0.021071632	
S00011.iliopsoas-pelvis_tilt.KV 	-0.30792754	-0.30547191	0.0020080006	
S00011.iliopsoas-pelvis_tilt.C0 	0.21170079	0.21547311	0.0024775863	
S00100.iliopsoas.C0             	0.26481162	0.26692433	0.0020042017	
S00100.glut_max.C0              	-0.16468714	-0.1638534	0.0020958327	
S11000.iliopsoas.KL             	0.44620588	0.44503357	0.002249498	
S11000.iliopsoas.L0             	0.56893822	0.56706864	0.0019873481	
S11000.iliopsoas-pelvis_tilt.P0 	-0.17006487	-0.16965441	0.0021316021	
S11000.iliopsoas-pelvis_tilt.KP 	0.76286638	0.73181742	0.020547122	
S11000.iliopsoas-pelvis_tilt.KV 	0.23687265	0.23689475	0.0019748459	
S11000.iliopsoas-hamstrings.KL  	-1.4919629	-1.5004016	0.085594955	
S11000.iliopsoas-hamstrings.L0  	0.87590679	0.87810743	0.0020209298	
S11000.hamstrings.KF            	0.56392881	0.56618491	0.0021264488	
S11000.glut_max.KF              	0.48892648	0.49186629	0.0021138492	
