generation	best_fitness	median_fitness	predicted_fitness	fitness_progress
0	91.0253	94.7141	0	0
1	90.9013	94.4214	28.9048	0.00136404
2	87.3658	91.0011	-827.513	0.0207266
3	52.3135	90.4949	-1685.64	0.0412739
4	49.1185	79.6222	-5615.67	0.171367
5	46.981	71.6801	-5321.51	0.167259
6	47.9468	69.9493	-3954.09	0.126803
7	58.8821	67.2802	-1545.68	0.0520341
8	47.5277	65.1317	-1417.78	0.0507159
9	41.7974	68.0165	-2465.12	0.0806022
10	29.2526	66.2815	-2756.69	0.0925771
11	1.72294	58.6106	-2839.4	0.10532
12	38.4958	55.2662	-2767.86	0.102022
13	10.4208	49.5937	-2850.86	0.117718
14	13.5659	57.6214	-2832.76	0.117617
15	15.5392	64.62	-2729.17	0.116944
16	1.52077	49.6384	-2776.54	0.126913
17	41.4868	53.351	-2508.52	0.12473
18	23.5841	57.2317	-2323.91	0.117744
19	12.113	53.7168	-2123.98	0.114259
20	39.1211	61.8522	-1908.81	0.105824
21	27.5	49.9033	-1692.02	0.0936327
22	16.9197	51.353	-1526.36	0.0872575
23	21.3396	54.8603	-1242.39	0.0696672
24	1.75279	55.4331	-1234.79	0.0748394
25	7.73114	48.8986	-1214.22	0.0723364
26	1.54025	50.5687	-1131.55	0.0718561
27	1.51684	43.2555	-1083.74	0.0706484
28	1.67998	56.3799	-1053.38	0.0702964
29	9.18944	49.322	-1043.39	0.0719772
30	1.46123	41.1571	-1012.25	0.0706349
31	33.1201	52.971	-985.202	0.070821
32	1.55446	51.7646	-986.448	0.0726767
33	1.495	33.7875	-988.608	0.0750953
34	1.53175	28.6822	-951.602	0.0743802
35	1.52678	39.3251	-920.183	0.0728041
36	1.5454	31.8223	-913.033	0.0736959
37	1.51026	25.9923	-851.192	0.0675827
38	1.50908	16.5766	-809.334	0.0657269
39	1.51877	11.1746	-765.2	0.0627159
40	1.47978	7.41072	-682.167	0.0600991
41	1.48899	11.6148	-617.481	0.0597186
42	1.44636	34.213	-526.528	0.0557402
43	1.51326	8.26498	-468.216	0.0526427
44	1.42108	1.65593	-409.771	0.0495075
45	1.468	1.55294	-374.591	0.0488638
46	1.47875	51.725	-349.777	0.0486015
47	1.46255	19.1863	-310.559	0.047864
48	1.46311	1.54505	-271.486	0.0465283
49	1.50053	22.3439	-228.403	0.0423205
50	1.51024	29.723	-130.372	0.034614
51	1.51438	40.0137	-44.6215	0.0244458
52	1.45854	33.9552	-27.2433	0.0196531
53	1.46861	21.4652	-12.8642	0.0130811
54	1.44789	1.56073	-10.2796	0.0113525
55	1.41193	17.2007	-10.5031	0.0115766
56	1.45786	1.5585	-8.77906	0.0103551
57	1.40038	1.51116	-7.58388	0.00946066
58	1.40729	1.51932	-6.96485	0.00897911
59	1.40781	20.17	-6.85914	0.00891477
60	1.40499	1.50476	-6.57272	0.00868849
61	1.44694	1.56123	-6.16128	0.00832277
62	1.43888	1.52859	-5.80468	0.00800983
63	1.39445	16.2431	-4.88555	0.0071717
64	1.4069	1.48917	-4.22419	0.00654154
65	1.39349	1.45786	-3.81736	0.00613774
66	1.38605	1.49758	-3.5365	0.00585091
67	1.335	1.44283	-3.38864	0.00570626
68	1.342	17.6151	-3.3156	0.00563039
69	1.34459	1.46555	-3.1138	0.00541975
70	1.30571	1.41405	-3.16904	0.00548455
71	1.33067	16.9786	-3.02752	0.00533932
72	1.31426	1.50103	-3.07049	0.0053918
73	1.33523	1.42768	-2.898	0.00521634
74	1.35215	29.7408	-2.81887	0.00513816
75	1.30594	1.38935	-2.837	0.00515936
76	1.34228	1.44595	-2.76716	0.00508863
77	1.32466	1.42342	-2.69609	0.00500536
78	1.33042	1.38178	-2.60032	0.0049014
79	1.32127	1.42683	-2.46851	0.00475455
80	1.32143	1.37193	-2.39628	0.00467601
81	1.33668	1.46365	-2.34448	0.00462236
82	1.31178	17.2848	-2.16911	0.00443024
83	1.26051	1.41679	-2.26214	0.00453639
84	1.28418	1.33755	-2.14771	0.00441052
85	1.28578	1.3591	-2.09911	0.00435454
86	1.26747	60.7	-2.04573	0.00429119
87	1.26632	1.33992	-1.99429	0.00423207
88	1.26997	43.2193	-1.98271	0.00421954
89	1.28834	36.6551	-1.93311	0.00416376
90	1.27608	1.33742	-1.89861	0.0041258
91	1.28984	1.35272	-1.85102	0.0040706
92	1.31521	1.34703	-1.78796	0.00399982
93	1.29622	1.36575	-1.76605	0.00397302
94	1.28334	1.37351	-1.73447	0.00393421
95	1.2864	1.33073	-1.69907	0.00389417
96	1.27803	1.32788	-1.65954	0.00385027
97	1.27767	8.54009	-1.63561	0.00382288
98	1.2488	1.30529	-1.62096	0.003805
99	1.25232	1.34735	-1.59201	0.00377147
