pelvis_tilt.offset              	-0.024531614	-0.024772029	0.0012188805	
hip_flexion_r.offset            	-0.022373964	-0.025133215	0.0012988549	
knee_angle_r.offset             	0.0068506833	0.0081032955	0.0012837873	
ankle_angle_r.offset            	-0.022624323	-0.023260194	0.0014649365	
hip_flexion_l.offset            	0.066104784	0.067450875	0.0013906095	
knee_angle_l.offset             	0.050592421	0.048154703	0.0013021251	
ankle_angle_l.offset            	-0.013412994	-0.012898293	0.001379244	
stance_load_threshold           	0.0074418931	0.0056366999	0.0012745952	
S11111.tib_ant.KL               	1.2039043	1.192389	0.013547182	
S11111.tib_ant.L0               	0.72297221	0.72399253	0.0012334629	
S11111.tib_ant-soleus.KF        	-0.29899942	-0.29887425	0.0014012807	
S00111.soleus.KF                	0.50424195	0.50100182	0.013032279	
S00111.gastroc.KF               	1.4012206	1.4073437	0.011125072	
S00111.soleus.KV                	0.16106137	0.14987839	0.0068077888	
S00111.gastroc.KV               	0.035323449	0.041924464	0.0066960934	
S11000.soleus.KV                	0.095215999	0.0959894	0.0065920734	
S11000.gastroc.KV               	0.090340688	0.095606752	0.0056164078	
S00011.vasti.KF                 	1.0983514	1.0880314	0.011098584	
S00011.vasti.C0                 	0.046228115	0.04891796	0.0011159745	
S00011.vasti-knee_angle.pos_max 	-0.1553791	-0.15615348	0.0013794663	
S00011.hamstrings-pelvis_tilt.KP	1.5047297	1.5000564	0.013353794	
S00011.hamstrings-pelvis_tilt.KV	0.32516745	0.32292518	0.0013989579	
S00011.hamstrings-pelvis_tilt.C0	0.024452136	0.023107291	0.0013881369	
S00011.glut_max-pelvis_tilt.KP  	1.485289	1.4965547	0.013444052	
S00011.glut_max-pelvis_tilt.KV  	0.21093089	0.20973174	0.0013596498	
S00011.glut_max-pelvis_tilt.C0  	0.048093476	0.049325789	0.0012703183	
S00011.iliopsoas-pelvis_tilt.KP 	-1.0572434	-1.0765146	0.01409097	
S00011.iliopsoas-pelvis_tilt.KV 	-0.28403956	-0.28347475	0.0013810295	
S00011.iliopsoas-pelvis_tilt.C0 	0.22233474	0.22074634	0.0017626067	
S00100.iliopsoas.C0             	0.2373332	0.23685614	0.0014513426	
S00100.glut_max.C0              	-0.18246771	-0.18177428	0.001480821	
S11000.iliopsoas.KL             	0.4391985	0.43783475	0.0014023219	
S11000.iliopsoas.L0             	0.55189531	0.5530622	0.0014463607	
S11000.iliopsoas-pelvis_tilt.P0 	-0.1803475	-0.18135197	0.0013769654	
S11000.iliopsoas-pelvis_tilt.KP 	0.56720485	0.57561399	0.014064604	
S11000.iliopsoas-pelvis_tilt.KV 	0.21310176	0.21275925	0.0013619713	
S11000.iliopsoas-hamstrings.KL  	-0.63394583	-0.75683897	0.050749057	
S11000.iliopsoas-hamstrings.L0  	0.86996243	0.87067022	0.0013078347	
S11000.hamstrings.KF            	0.58249012	0.58333728	0.0014008402	
S11000.glut_max.KF              	0.48147108	0.48400413	0.0013921184	
