generation	best_fitness	median_fitness	predicted_fitness	fitness_progress
0	1.38687	56.5616	0	0
1	1.19473	32.4972	-94.8752	0.160823
2	1.20983	8.91338	-43.0481	0.0705816
3	1.19266	1.29193	-7.39613	0.0141983
4	1.19678	1.27205	-3.36146	0.00755521
5	1.21878	1.26742	1.11564	0.000145134
6	1.173	1.23377	-0.708012	0.00316549
7	1.1755	1.33333	-2.17227	0.00559893
8	1.19743	38.8229	-0.407054	0.00266252
9	1.19161	1.29847	-0.143731	0.00222218
10	1.19726	1.26549	0.836302	0.000595806
11	1.18289	1.27004	0.177976	0.00168536
12	1.16887	1.23348	0.0481156	0.00189846
13	1.20738	1.36152	0.669969	0.000867067
14	1.18519	1.23955	0.637256	0.000919669
15	1.21566	1.25279	0.758471	0.000718313
16	1.1829	1.27342	0.635722	0.000919429
17	1.2005	1.24078	0.756757	0.000718829
18	1.19072	1.26	0.977318	0.00035736
19	1.18641	1.27729	0.889606	0.000499004
20	1.1839	1.25253	0.880656	0.000512161
21	1.17885	1.23219	0.798711	0.00064596
22	1.22484	17.5034	0.879435	0.000512423
23	1.16427	1.28213	0.82385	0.000602519
24	1.17623	1.30234	0.769445	0.00069071
25	1.19497	1.31859	0.822416	0.000602882
26	1.15315	1.23878	0.767801	0.000691187
27	1.1831	1.21827	0.774471	0.000679311
28	1.1609	1.2621	0.744591	0.000726569
29	1.152	1.21636	0.657967	0.000865718
30	1.17706	1.27512	0.637558	0.000898162
31	1.19984	1.27657	0.760407	0.000697868
32	1.16208	1.24281	0.635429	0.000898969
33	1.18924	1.28025	0.758751	0.000698355
34	1.1972	1.2477	0.773321	0.000673682
35	1.16731	1.30514	0.757094	0.000698843
36	1.16277	23.3633	0.653138	0.000866622
37	1.15188	1.23083	0.619029	0.000920504
38	1.17917	1.23438	0.651085	0.000867374
39	1.17243	20.0465	0.696863	0.00079164
40	1.15623	11.5722	0.649033	0.000868127
41	1.12774	1.25238	0.614673	0.000922201
42	1.14967	1.24475	0.595287	0.000951215
43	1.17753	21.8868	0.598888	0.000945289
44	1.16817	1.30038	0.628503	0.000896673
45	1.15361	1.32895	0.597061	0.00094586
46	1.12986	1.2385	0.575134	0.000979814
47	1.16609	29.3901	0.59483	0.000946755
48	1.15954	1.23503	0.624269	0.000898284
49	1.13448	1.231	0.592599	0.000947653
50	1.13753	1.23971	0.587248	0.00095409
51	1.15863	16.3786	0.590368	0.000948551
52	1.11955	26.3884	0.568206	0.000982702
53	1.16373	22.3399	0.588137	0.000949452
54	1.12655	8.8093	0.571453	0.000974529
55	1.15563	38.2974	0.585906	0.000950354
56	1.14064	1.32112	0.580519	0.000956828
57	1.14775	1.21785	0.611887	0.000905392
58	1.11481	1.25235	0.578276	0.000957745
59	1.1566	1.23404	0.60973	0.000906266
60	1.14187	1.22316	0.594037	0.00093152
61	1.0926	1.28496	0.579213	0.000953072
62	1.10962	31.9724	0.551545	0.000995902
63	1.13197	16.0387	0.551638	0.000994274
64	1.13113	30.7651	0.539255	0.00101312
65	1.07995	36.0798	0.536432	0.00101626
66	1.11347	1.27152	0.530642	0.0010242
67	1.11305	25.7048	0.522795	0.00103529
68	1.13334	1.22065	0.523611	0.00103287
69	1.12952	1.20876	0.524884	0.00102937
70	1.1312	1.50927	0.525744	0.00102658
71	1.09893	1.22768	0.521358	0.00103227
72	1.1242	1.28165	0.523352	0.00102764
73	1.11722	1.21112	0.520085	0.00103149
74	1.10383	1.18324	0.506417	0.00105195
75	1.11685	1.17002	0.49935	0.00106193
76	1.12537	1.2081	0.505361	0.00105092
77	1.10979	1.36539	0.496882	0.00106306
78	1.14013	1.18487	0.502919	0.00105203
79	1.11432	14.4448	0.511004	0.00103774
80	1.09667	16.1226	0.497729	0.00105765
81	1.13254	23.4413	0.508597	0.00103882
82	1.08399	53.4856	0.495277	0.00105877
83	1.08866	37.3465	0.484847	0.0010738
84	1.08701	1.23428	0.477356	0.00108395
85	1.10367	1.27294	0.474766	0.00108689
86	1.12396	1.30882	0.489992	0.00106138
87	1.1101	6.5016	0.486058	0.00106634
88	1.10586	6.50523	0.487921	0.00106214
89	1.09067	1.24402	0.487031	0.00106205
90	1.11724	1.15296	0.493099	0.00105111
91	1.07585	18.844	0.484581	0.00106318
92	1.09204	30.2147	0.479538	0.0010696
93	1.10106	1.25681	0.477228	0.00107204
94	1.09651	1.21097	0.480565	0.00106554
95	1.08894	1.14183	0.474304	0.00107391
96	1.08803	1.12875	0.469814	0.00107962
97	1.07692	1.20021	0.463194	0.0010886
98	1.08759	1.16259	0.467334	0.00108078
99	1.09895	1.249	0.46707	0.00107978
100	1.11431	1.17788	0.469687	0.0010742
101	1.07949	1.15472	0.465901	0.00107881
102	1.07847	1.21102	0.463525	0.00108125
103	1.06696	47.983	0.456393	0.00109108
104	1.05233	36.2436	0.450022	0.00109937
105	1.06944	35.6421	0.446716	0.00110318
106	1.08257	1.11722	0.449779	0.00109706
107	1.05904	37.3901	0.444195	0.0011044
108	1.0822	1.12154	0.447273	0.00109826
109	1.06649	1.1399	0.443783	0.0011023
110	1.07567	1.22145	0.448489	0.00109372
111	1.08525	1.13335	0.452563	0.00108617
112	1.06917	33.4841	0.448524	0.00109102
113	1.07512	38.3661	0.450352	0.00108693
114	1.07436	1.23643	0.450046	0.00108608
115	1.09888	37.5154	0.450823	0.00108348
116	1.0664	22.7512	0.449246	0.00108465
117	1.07334	1.23052	0.452682	0.00107809
118	1.07003	38.1187	0.455988	0.00107163
119	1.09284	27.7898	0.458796	0.00106594
120	1.09656	16.7502	0.460677	0.00106183
121	1.0903	38.6835	0.461087	0.00105988
122	1.08794	1.16139	0.464108	0.00105379
123	1.0696	1.12897	0.468546	0.00104567
124	1.11207	35.6947	0.468169	0.00104497
125	1.09578	1.21197	0.471632	0.0010383
126	1.06728	1.21915	0.473683	0.00103385
127	1.05651	1.13983	0.472184	0.00103486
128	1.07798	23.3943	0.475813	0.0010279
129	1.06163	52.3533	0.478031	0.00102308
130	1.09568	1.14524	0.482433	0.00101489
131	1.06564	37.8168	0.483237	0.00101236
132	1.06569	1.10106	0.484462	0.00100917
133	1.07114	1.14671	0.486457	0.00100469
134	1.05656	36.4807	0.487518	0.00100176
135	1.0667	35.8399	0.488488	0.000999039
136	1.05574	38.3094	0.489452	0.000996359
137	1.05618	37.1437	0.490175	0.00099405
138	1.05549	6.95195	0.491117	0.000991435
139	1.07235	65.7617	0.492458	0.000988211
140	1.06751	1.12638	0.49292	0.000986326
141	1.03305	1.09571	0.492189	0.000986206
142	1.06115	1.16563	0.501632	0.000970464
143	1.04686	1.24214	0.501759	0.000969138
144	1.03486	1.09013	0.49945	0.000971406
145	1.03339	56.9719	0.490006	0.000984694
146	1.03772	31.6259	0.484136	0.000992455
147	1.03548	36.8438	0.483865	0.000991634
148	1.04158	50.6455	0.485174	0.00098844
149	1.05218	48.1995	0.487723	0.000983355
