pelvis_tilt.offset              	-0.037166582	-0.03590016	0.002954299	
hip_flexion_r.offset            	-0.0089853361	-0.010375876	0.003370033	
knee_angle_r.offset             	0.020514547	0.023604045	0.0030780082	
ankle_angle_r.offset            	0.015898972	0.02222379	0.0036968913	
hip_flexion_l.offset            	0.057804191	0.058268154	0.0034126021	
knee_angle_l.offset             	0.034800737	0.036322291	0.0035207392	
ankle_angle_l.offset            	-0.032288064	-0.027480645	0.003226632	
stance_load_threshold           	0.013637406	0.010451145	0.0032015254	
S11111.tib_ant.KL               	1.5044601	1.4916372	0.033823289	
S11111.tib_ant.L0               	0.71089883	0.7131219	0.0031400669	
S11111.tib_ant-soleus.KF        	-0.28817618	-0.29277826	0.0035205116	
S00111.soleus.KF                	0.76881139	0.76254558	0.033266651	
S00111.gastroc.KF               	1.3437232	1.3340005	0.031816663	
S00111.soleus.KV                	0.12163057	0.13204079	0.017217195	
S00111.gastroc.KV               	0.0084463165	0.044857323	0.0166321	
S11000.soleus.KV                	0.01547795	0.02034124	0.016883432	
S11000.gastroc.KV               	0.0076118182	0.014633917	0.01677355	
S00011.vasti.KF                 	1.0682055	1.0991435	0.030214152	
S00011.vasti.C0                 	0.056904483	0.059178033	0.0027415091	
S00011.vasti-knee_angle.pos_max 	-0.13922303	-0.14685266	0.0034753927	
S00011.hamstrings-pelvis_tilt.KP	1.4404103	1.4313275	0.033153922	
S00011.hamstrings-pelvis_tilt.KV	0.29793458	0.30113524	0.0032534464	
S00011.hamstrings-pelvis_tilt.C0	-0.0049335586	-0.0041588222	0.0034555352	
S00011.glut_max-pelvis_tilt.KP  	1.6095594	1.5949243	0.035724215	
S00011.glut_max-pelvis_tilt.KV  	0.2178572	0.21513586	0.0032907261	
S00011.glut_max-pelvis_tilt.C0  	0.039903725	0.044554793	0.003431339	
S00011.iliopsoas-pelvis_tilt.KP 	-1.3379693	-1.282633	0.033114605	
S00011.iliopsoas-pelvis_tilt.KV 	-0.29253495	-0.293379	0.003495356	
S00011.iliopsoas-pelvis_tilt.C0 	0.17889705	0.17940451	0.0042496203	
S00100.iliopsoas.C0             	0.25869034	0.25926028	0.0035161013	
S00100.glut_max.C0              	-0.19615995	-0.19709246	0.0035624191	
S11000.iliopsoas.KL             	0.4371162	0.43877488	0.0036086592	
S11000.iliopsoas.L0             	0.53414475	0.52682233	0.0035865016	
S11000.iliopsoas-pelvis_tilt.P0 	-0.19512212	-0.19664071	0.0034898563	
S11000.iliopsoas-pelvis_tilt.KP 	1.0367248	1.0507906	0.035090799	
S11000.iliopsoas-pelvis_tilt.KV 	0.21701561	0.22004761	0.0033766531	
S11000.iliopsoas-hamstrings.KL  	-2.1514981	-2.2394527	0.12329165	
S11000.iliopsoas-hamstrings.L0  	0.89324584	0.89240594	0.0032198705	
S11000.hamstrings.KF            	0.5645496	0.56630288	0.0033567122	
S11000.glut_max.KF              	0.46892908	0.4748303	0.0034856348	
