generation	best_fitness	median_fitness	predicted_fitness	fitness_progress
0	83.6681	96.1334	0	0
1	89.4444	95.1277	2977.58	-0.0645795
2	83.244	92.0358	-22.774	0.00254392
3	80.7231	90.7228	-1179.74	0.0302837
4	82.4369	90.5429	-650.801	0.0177214
5	82.1769	91.3729	-95.7049	0.00429341
6	82.949	90.7481	-57.5677	0.00337548
7	81.5108	87.4115	-69.9474	0.00367431
8	72.1974	91.1598	-88.7704	0.00412712
9	82.4263	88.0155	-70.5534	0.00368786
10	80.1445	90.4605	-77.2611	0.00385013
11	81.0634	85.7973	-71.1594	0.00370151
12	81.3348	87.7987	-59.2425	0.00341001
13	81.0985	86.3014	-49.6689	0.00317488
14	81.2934	86.3394	-31.6809	0.00273726
15	77.3158	85.6272	-50.189	0.00318499
16	81.6254	85.9022	-32.1298	0.00274478
17	78.4965	84.4685	-44.719	0.00304903
18	73.6986	88.8081	-54.904	0.00329748
19	79.324	86.0119	-45.2158	0.00305836
20	78.6938	85.8971	-44.7604	0.00304629
21	80.3909	85.2703	-37.7855	0.00287452
22	83.7109	85.9523	-27.5095	0.00262449
23	79.0974	85.4135	-24.0654	0.0025382
24	76.8114	85.7328	-30.7623	0.0026999
25	79.065	85.4592	-24.4767	0.00254466
26	75.2761	85.1575	-31.1983	0.00270721
27	68.1922	85.8172	-40.0229	0.00292003
28	77.357	84.4532	-33.106	0.00275012
29	74.1971	85.0565	-40.4923	0.00292859
30	78.0778	85.5977	-33.5477	0.0027577
31	78.644	85.1348	-30.3216	0.0026779
32	75.9562	83.9905	-33.2479	0.00274735
33	73.7087	85.0484	-35.05	0.00278974
34	77.3975	84.2018	-33.0963	0.00274061
35	77.0804	85.3662	-31.1783	0.00269232
36	67.0397	84.3787	-34.1256	0.00276253
37	75.2436	84.0448	-33.7431	0.00275175
38	60.0248	83.7445	-36.7381	0.00282368
39	77.6618	84.5466	-34.1796	0.00275935
40	71.4548	83.1674	-37.1852	0.00283168
41	75.985	84.1675	-34.3194	0.00275974
42	71.2364	83.1659	-37.1493	0.00282782
43	73.952	83.2459	-39.1281	0.00287439
44	70.5291	81.1931	-39.9505	0.00289307
45	76.305	85.7464	-39.5802	0.00288268
46	75.9083	83.3066	-36.5806	0.00280784
47	73.7922	86.4089	-35.5534	0.00278101
48	72.4252	84.3483	-38.1371	0.0028434
49	76.9391	83.9992	-35.9885	0.00278876
50	75.4832	83.4423	-34.6348	0.00275394
51	72.8015	83.8673	-34.1225	0.00273966
52	79.104	84.974	-31.1921	0.00266543
53	71.5092	84.2162	-34.549	0.00274719
54	59.8963	84.3272	-36.6451	0.00279763
55	71.3452	85.2859	-37.6146	0.00282022
56	74.2102	83.9061	-36.9987	0.0028035
57	81.6985	83.8637	-33.8328	0.00272344
58	77.1243	83.1613	-31.9942	0.00267591
59	75.491	82.9542	-30.1979	0.00262997
60	71.6454	84.3086	-30.1794	0.00262771
61	77.2853	84.9299	-28.6247	0.00258762
62	76.7371	83.9954	-27.2153	0.00255096
63	82.959	85.4041	-25.221	0.00249976
64	81.5436	83.5828	-22.064	0.00241976
65	79.8249	83.6205	-19.7319	0.00236005
66	79.6771	85.85	-17.2496	0.00229735
67	72.7362	86.2746	-14.6073	0.00223104
68	71.9716	83.3523	-12.6376	0.00218122
69	71.836	83.4302	-10.2384	0.00212087
70	73.2844	83.2473	-7.78718	0.00205972
71	66.2673	84.2777	-10.5661	0.00212537
72	62.7047	82.1164	-13.3112	0.00219078
73	76.1644	83.5627	-10.8937	0.0021299
74	72.0146	83.5756	-8.2411	0.00206383
75	71.7768	83.8374	-7.14867	0.00203553
76	71.6456	85.5612	-5.70232	0.00199865
77	65.6538	84.0883	-6.91705	0.00202647
78	63.739	85.5814	-8.51458	0.00206362
79	76.0539	85.7667	-7.2277	0.00203059
80	66.237	83.3878	-8.83043	0.00206789
81	70.199	83.169	-7.60052	0.00203623
82	65.5624	82.9989	-8.8287	0.00206445
83	66.2771	83.4412	-9.87622	0.00208823
84	72.1932	84.6199	-8.79882	0.00206034
85	71.7464	84.401	-7.42394	0.00202517
86	59.6486	83.5296	-9.11226	0.00206459
87	70.977	83.5774	-7.73191	0.00202928
88	76.531	85.0561	-6.16747	0.00198953
89	69.0249	81.9411	-5.16496	0.00196344
90	69.4349	82.3961	-2.82526	0.00190497
91	66.3629	84.6955	-4.60955	0.0019466
92	78.0219	82.7663	-3.1142	0.0019086
93	76.8976	88.4153	-1.48923	0.0018676
94	76.6061	82.6236	-0.86235	0.00185072
95	66.2149	84.3039	-1.77146	0.00187109
96	77.0771	80.2462	-1.14185	0.00185415
97	70.7583	82.2669	0.0233688	0.00182425
98	71.3472	80.9084	0.689613	0.00180645
99	77.1428	82.623	1.98002	0.00177354
100	76.7682	84.7526	3.29365	0.00174013
101	76.1668	82.1006	5.52886	0.0016846
102	78.1821	83.6169	9.1058	0.00159671
103	76.3622	82.9394	9.67538	0.00158144
104	77.9918	83.6652	11.2485	0.00154206
105	76.1133	85.9721	12.1293	0.0015195
106	75.6389	84.0906	13.3935	0.00148766
107	78.396	84.1924	14.4557	0.00146059
108	65.1216	88.4531	13.2062	0.001489
109	76.7084	81.5868	14.2361	0.00146273
110	75.7004	91.0786	15.0555	0.00144175
111	77.8272	84.8444	15.8012	0.00142268
112	71.2752	83.3263	16.1591	0.00141259
113	71.9049	90.6508	18.1325	0.00136407
114	76.8281	85.1951	21.7144	0.00127766
115	74.5145	81.5313	26.8053	0.0011566
116	64.6702	78.3284	21.9355	0.00126954
117	70.6059	86.7406	26.631	0.00115794
118	80.6608	88.7788	29.1527	0.00109789
119	76.2482	83.3809	30.4392	0.00106633
120	74.1097	83.0096	31.3884	0.00104247
121	72.3881	84.6027	33.6305	0.000988851
122	73.8359	85.004	33.7401	0.000985291
123	66.1402	85.8845	32.5822	0.00101087
124	82.2629	84.7416	33.5916	0.000986263
125	73.7067	88.9999	35.3872	0.000944246
126	72.4555	86.7983	36.5291	0.00091605
127	74.5182	84.3986	37.9342	0.000884617
128	73.903	83.5734	38.0019	0.000883934
129	75.881	91.4969	38.7286	0.000866659
130	71.7481	83.2661	40.1378	0.000833759
131	70.4715	82.5967	40.1348	0.000832635
132	73.7883	87.638	40.387	0.000825945
133	70.9497	82.5127	41.1241	0.000806154
134	67.6713	81.7013	40.1928	0.0008275
135	71.5514	82.7652	40.884	0.000809728
136	71.9999	82.3299	41.2084	0.000801188
137	73.437	86.2923	41.1562	0.000801379
138	72.5682	87.2759	41.8437	0.000783236
139	74.7633	87.005	43.6709	0.000741719
140	62.0524	83.9721	41.7256	0.00078385
141	70.3646	78.4649	41.7506	0.00078201
142	68.1512	85.2564	41.0143	0.000798982
143	69.5017	84.3294	41.6043	0.000783171
144	72.6063	84.9581	43.0352	0.000748804
145	78.0599	85.6243	43.8005	0.000731492
146	77.6943	83.6198	45.1428	0.000699431
147	77.1068	83.1958	45.515	0.000689894
148	62.6766	79.5975	45.0375	0.00069992
149	71.1089	83.0442	45.1803	0.000694795
150	73.2748	83.8889	45.686	0.000681708
151	76.8803	84.0712	46.2527	0.00066879
152	72.2802	81.9304	47.0528	0.000651986
153	73.64	88.2803	48.5862	0.000617424
154	76.7909	85.8713	49.2936	0.000600973
155	75.2961	86.9406	50.6384	0.000569987
156	68.9433	83.1118	50.1044	0.00058161
157	73.4337	81.652	51.1498	0.000555345
158	72.2871	81.1995	51.4228	0.000547641
159	74.4616	84.1902	52.3954	0.000525951
160	67.7358	78.9256	51.3404	0.000547941
161	70.2934	79.625	51.679	0.000539439
162	70.1267	82.1177	51.8735	0.000534458
163	64.1886	86.2557	51.0006	0.000553178
164	67.2947	84.8765	50.6964	0.000558624
165	67.6919	80.8753	50.0443	0.00057187
166	64.4598	83.301	49.4796	0.000583423
167	61.6443	77.321	48.9993	0.000592958
168	61.5354	83.2043	48.0166	0.000613166
169	58.4202	70.0464	46.7895	0.000637424
170	64.4961	81.0156	46.3677	0.000644959
171	63.0353	69.9895	45.2465	0.000670619
172	42.0368	65.5641	44.113	0.000694419
173	37.9249	52.2187	43.3383	0.000710945
174	30.1916	63.0623	41.9341	0.000741861
175	14.1411	54.7677	41.8234	0.00074346
176	1.33576	41.2529	41.3144	0.000754485
177	1.33374	32.5809	40.632	0.000769336
178	1.30313	39.3473	40.1324	0.000779976
179	1.31132	33.4656	39.4509	0.000793912
180	1.27201	7.1221	38.3836	0.000816283
181	1.27889	1.34106	36.9068	0.000846314
182	1.25569	1.34919	36.1117	0.000862387
183	1.27447	1.34253	35.7486	0.00086946
184	1.2436	1.2847	35.2252	0.000880416
185	1.25582	33.4536	34.0512	0.000904946
186	1.24438	1.2997	32.3172	0.00094316
187	1.24188	1.31735	31.4116	0.000961985
188	1.23153	1.30522	30.508	0.000981338
189	1.22275	1.36887	29.8462	0.000994987
190	1.22407	1.27771	28.9802	0.00101302
191	1.23291	1.29848	27.563	0.00104434
192	1.23308	1.30608	26.266	0.00107244
193	1.21114	37.625	25.4037	0.00109074
194	1.23796	42.1016	23.9178	0.00112304
195	1.21414	1.27585	23.1119	0.00113997
196	1.20056	1.29926	22.0891	0.00116146
197	1.22501	1.27877	20.3509	0.00120004
198	1.19573	1.26388	19.5153	0.00121761
199	1.19842	1.25807	18.4777	0.00124006
