pelvis_tilt.offset              	0.042035038	0.035956912	0.0071718354	
hip_flexion_r.offset            	0.073884441	0.064771257	0.0082249311	
knee_angle_r.offset             	-0.015732996	-0.014353954	0.0074067464	
ankle_angle_r.offset            	0.045546812	0.056939243	0.0085052118	
hip_flexion_l.offset            	0.053152915	0.056820107	0.0077281347	
knee_angle_l.offset             	0.006808388	0.0090308401	0.0076217541	
ankle_angle_l.offset            	-0.0261836	-0.024130118	0.0077693105	
stance_load_threshold           	0.091258873	0.097515467	0.0078027757	
S11111.tib_ant.KL               	2.1604813	2.0846194	0.083698139	
S11111.tib_ant.L0               	0.63968027	0.64399603	0.0078138193	
S11111.tib_ant-soleus.KF        	-0.32366134	-0.32491019	0.0081032698	
S00111.soleus.KF                	0.15800608	0.0670838	0.077740787	
S00111.gastroc.KF               	1.3076071	1.2965241	0.06709553	
S00111.soleus.KV                	0.18160944	0.24811649	0.039198881	
S00111.gastroc.KV               	0.14173949	0.21449931	0.04090374	
S11000.soleus.KV                	0.073798556	0.056092781	0.037737577	
S11000.gastroc.KV               	0.01401065	0.0098198679	0.037562278	
S00011.vasti.KF                 	1.0910555	1.0947031	0.059510126	
S00011.vasti.C0                 	0.058201281	0.064002166	0.0063534833	
S00011.vasti-knee_angle.pos_max 	-0.17692108	-0.18882073	0.0080579925	
S00011.hamstrings-pelvis_tilt.KP	1.594479	1.718748	0.074203078	
S00011.hamstrings-pelvis_tilt.KV	0.29186808	0.29248294	0.0074770907	
S00011.hamstrings-pelvis_tilt.C0	-0.037186006	-0.023586339	0.007993967	
S00011.glut_max-pelvis_tilt.KP  	1.4214173	1.5502635	0.076898311	
S00011.glut_max-pelvis_tilt.KV  	0.31951928	0.32011416	0.0082695493	
S00011.glut_max-pelvis_tilt.C0  	0.017408328	0.017997165	0.0075183206	
S00011.iliopsoas-pelvis_tilt.KP 	-1.4365675	-1.3240219	0.077783724	
S00011.iliopsoas-pelvis_tilt.KV 	-0.35211594	-0.34294475	0.007983701	
S00011.iliopsoas-pelvis_tilt.C0 	0.28499658	0.28844982	0.0098727292	
S00100.iliopsoas.C0             	0.23937226	0.2479741	0.007787568	
S00100.glut_max.C0              	-0.25215874	-0.246652	0.0079858694	
S11000.iliopsoas.KL             	0.49799232	0.50028452	0.0083976596	
S11000.iliopsoas.L0             	0.61360904	0.60103364	0.0077188827	
S11000.iliopsoas-pelvis_tilt.P0 	-0.13317954	-0.1285688	0.0081643006	
S11000.iliopsoas-pelvis_tilt.KP 	0.76333544	0.61256008	0.079565144	
S11000.iliopsoas-pelvis_tilt.KV 	0.23361853	0.23386043	0.0075450383	
S11000.iliopsoas-hamstrings.KL  	-1.8694901	-2.0456697	0.29935906	
S11000.iliopsoas-hamstrings.L0  	0.91799125	0.91036972	0.007460487	
S11000.hamstrings.KF            	0.50581465	0.50296915	0.0084118581	
S11000.glut_max.KF              	0.49620386	0.48924036	0.0080779904	
