generation	best_fitness	median_fitness	predicted_fitness	fitness_progress
0	85.9288	98.4612	0	0
1	75.4439	91.0264	-5167.03	0.138977
2	60.7775	95.1091	-6227.06	0.187514
3	79.4917	91.6449	-5188	0.161409
4	85.6255	93.0269	41.5055	0.000953367
5	84.6263	91.162	1300.62	-0.0303798
6	72.7837	90.5956	591.323	-0.0127194
7	79.7666	90.7964	77.8483	4.45504e-05
8	82.5147	91.2852	278.762	-0.00492728
9	77.5666	91.3323	-37.1242	0.00290915
10	73.605	90.3898	-125.735	0.00513745
11	83.6539	89.4223	148.962	-0.00171778
12	80.8237	88.3934	150.789	-0.0017513
13	78.6904	86.914	51.5253	0.00069572
14	68.0561	85.6456	-106.852	0.00462519
15	77.4637	84.1148	-108.771	0.00466319
16	75.2696	85.0665	-137.119	0.005385
17	48.902	84.6208	-220.142	0.00745462
18	81.873	87.7716	-137.971	0.00541415
19	62.0429	90.018	-221.319	0.00751061
20	82.3268	89.6201	-138.823	0.00544363
21	81.7381	86.8347	-76.6107	0.00387157
22	73.8349	89.8828	-127.733	0.00516391
23	71.3534	87.8431	-158.404	0.00593334
24	73.658	88.0831	-133.945	0.00532236
25	77.2932	87.9992	-80.2138	0.0039751
26	77.4215	83.1149	-62.4529	0.00351604
27	78.3699	83.3378	-61.2795	0.00348467
28	75.2126	81.8665	-40.3307	0.00295386
29	69.4577	79.692	-63.4288	0.00353744
30	72.2012	80.0396	-55.4224	0.00333655
31	63.2679	79.9942	-74.0745	0.00381664
32	63.5377	81.8402	-91.6807	0.00426139
33	52.424	77.9358	-112.8	0.00480821
34	47.4056	72.1141	-143.752	0.00561044
35	1.31738	72.4297	-186.912	0.00672577
36	17.1286	61.9026	-205.018	0.00720464
37	14.6813	61.8875	-221.258	0.00767464
38	1.28117	40.9006	-235.173	0.00810492
39	1.25833	11.1553	-241.913	0.00831119
40	1.25437	29.8926	-269.341	0.00909491
41	1.24742	1.37021	-284.449	0.00959379
42	1.19657	1.35129	-308.993	0.0103701
43	1.1928	42.3192	-317.353	0.01065
44	1.20345	12.4372	-338.344	0.0114055
45	1.17099	1.28835	-372.296	0.0126475
46	1.20347	52.7971	-395.065	0.0135058
47	1.15623	28.5435	-422.31	0.0146023
48	1.171	1.29803	-459.846	0.0161867
49	1.13254	1.25314	-491.957	0.0175173
50	1.14037	1.23209	-552.193	0.0202856
51	1.12313	1.26362	-642.463	0.0247071
52	1.17223	1.33044	-728.764	0.029182
53	1.15376	1.26545	-783.414	0.0330362
54	1.12238	1.25172	-823.928	0.0361003
55	1.08149	1.26399	-832.1	0.0371475
56	1.12525	1.29597	-837.007	0.03807
57	1.08167	1.18911	-856.869	0.0394261
58	1.11376	82.2828	-864.801	0.0405049
59	1.12952	1.32478	-871.047	0.0416402
60	1.10615	1.22463	-868.308	0.0420391
61	1.17156	41.1478	-857.41	0.0418915
62	1.15619	1.26832	-851.553	0.0419283
63	1.16867	1.2846	-834.792	0.0412704
64	1.08905	1.25234	-814.423	0.0403629
65	1.14267	7.50625	-801.471	0.0398314
66	1.05365	1.2199	-792.54	0.0396632
67	1.06293	1.23448	-786.913	0.0399074
68	1.08361	1.2064	-773.414	0.0395727
69	1.11299	1.18704	-741.065	0.0376615
70	1.13716	1.1889	-731.84	0.0376488
71	1.07014	1.1512	-724.537	0.0374953
72	0.96234	1.15746	-716.809	0.0376624
73	0.96034	1.14591	-697.708	0.0369619
74	0.975557	1.19073	-419.591	0.0280515
75	0.949689	1.13671	-52.989	0.0220118
76	0.929593	1.1157	-42.8438	0.0211129
77	1.06133	1.19156	-32.6752	0.0197947
78	0.952766	1.10273	-29.674	0.0193243
79	1.03848	68.6431	-21.2415	0.0171529
80	0.949281	1.09225	-14.8139	0.0147416
81	1.04974	1.12852	-12.3732	0.0135445
82	1.03407	1.13028	-11.3121	0.0129258
83	0.991812	1.10236	-10.5409	0.0124338
84	0.923965	1.11538	-9.47157	0.011684
85	0.958742	72.85	-8.77977	0.0112682
86	0.914928	1.14683	-8.76811	0.0113046
87	1.00476	1.14594	-8.17749	0.0108797
88	0.953641	1.09212	-8.01262	0.0107642
89	0.91608	1.07525	-7.71548	0.0105917
90	0.897269	1.08179	-6.73978	0.00983054
91	0.923606	1.10826	-6.55004	0.00967721
92	0.920917	59.6276	-6.03969	0.00926304
93	0.942691	1.11758	-5.39544	0.00870397
94	0.939712	1.09502	-5.24624	0.00857836
95	0.8902	1.20138	-5.08708	0.00844256
96	0.936172	1.18175	-4.99302	0.00836717
97	0.933974	1.09047	-4.78969	0.00817586
98	0.916917	1.07795	-4.56289	0.00794683
99	0.905395	1.00085	-4.33827	0.00769387
100	0.922077	1.10856	-4.16064	0.00752045
101	0.944541	1.06092	-3.93647	0.00728335
102	0.939498	1.01709	-3.84897	0.00719605
103	0.988727	1.09802	-3.7903	0.00714398
104	0.940045	1.01378	-3.74127	0.00709409
105	0.928348	0.978811	-3.65495	0.00697392
106	0.941616	1.06511	-3.59288	0.00687941
107	0.925224	1.05639	-3.4617	0.00672179
108	0.920769	0.956445	-3.30947	0.00654771
109	0.922697	1.02754	-3.222	0.00644484
