pelvis_tilt.offset              	-0.0021561303	-0.0033334089	0.001368091	
hip_flexion_r.offset            	-0.034330951	-0.03443053	0.0014351412	
knee_angle_r.offset             	0.014599575	0.014255146	0.0013413461	
ankle_angle_r.offset            	0.0082844392	0.0058488449	0.001538176	
hip_flexion_l.offset            	0.050223191	0.05210803	0.0014050857	
knee_angle_l.offset             	0.038527003	0.039476433	0.0014285284	
ankle_angle_l.offset            	-0.0059413713	-0.0070299085	0.0014482661	
stance_load_threshold           	0.023807783	0.022837606	0.001358179	
S11111.tib_ant.KL               	1.3488639	1.3433715	0.014813107	
S11111.tib_ant.L0               	0.71949669	0.72038547	0.0013692077	
S11111.tib_ant-soleus.KF        	-0.30214354	-0.30298036	0.0014716713	
S00111.soleus.KF                	0.32461401	0.32896148	0.013811592	
S00111.gastroc.KF               	1.6314909	1.6376981	0.01256347	
S00111.soleus.KV                	0.029045347	0.033124034	0.0071107539	
S00111.gastroc.KV               	0.14841343	0.16482764	0.0075411669	
S11000.soleus.KV                	0.067585272	0.058583494	0.0067914316	
S11000.gastroc.KV               	0.083819358	0.088525252	0.0068886238	
S00011.vasti.KF                 	1.1288316	1.1208657	0.011925802	
S00011.vasti.C0                 	0.069668121	0.069504689	0.0012059427	
S00011.vasti-knee_angle.pos_max 	-0.16324861	-0.16202729	0.0014872331	
S00011.hamstrings-pelvis_tilt.KP	1.5476951	1.528318	0.014530284	
S00011.hamstrings-pelvis_tilt.KV	0.30901096	0.31096869	0.0014353547	
S00011.hamstrings-pelvis_tilt.C0	0.04058253	0.039910238	0.0015741589	
S00011.glut_max-pelvis_tilt.KP  	1.5380794	1.5440073	0.014554472	
S00011.glut_max-pelvis_tilt.KV  	0.20700449	0.20281792	0.0014530689	
S00011.glut_max-pelvis_tilt.C0  	0.056752079	0.054805998	0.0014774249	
S00011.iliopsoas-pelvis_tilt.KP 	-1.1926912	-1.1921456	0.014932205	
S00011.iliopsoas-pelvis_tilt.KV 	-0.29666039	-0.29580748	0.0015243213	
S00011.iliopsoas-pelvis_tilt.C0 	0.18646978	0.18992443	0.0019123266	
S00100.iliopsoas.C0             	0.25379347	0.25327165	0.0014476075	
S00100.glut_max.C0              	-0.16907952	-0.16756681	0.0014606004	
S11000.iliopsoas.KL             	0.44817712	0.44870418	0.0015463673	
S11000.iliopsoas.L0             	0.54838268	0.54659326	0.0014510571	
S11000.iliopsoas-pelvis_tilt.P0 	-0.17129359	-0.17283235	0.001514584	
S11000.iliopsoas-pelvis_tilt.KP 	0.95362449	0.93966958	0.015026224	
S11000.iliopsoas-pelvis_tilt.KV 	0.23006685	0.23056551	0.0013959525	
S11000.iliopsoas-hamstrings.KL  	-0.79868974	-0.74517001	0.05653855	
S11000.iliopsoas-hamstrings.L0  	0.87056688	0.86961764	0.001422879	
S11000.hamstrings.KF            	0.57780544	0.57833235	0.0014832909	
S11000.glut_max.KF              	0.4753768	0.47577234	0.0015189764	
