generation	best_fitness	median_fitness	predicted_fitness	fitness_progress
0	94.305	94.9318	0	0
1	93.3509	94.5697	-383.677	0.0102201
2	57.9246	94.2461	-9037.18	0.271416
3	1.54688	69.4054	-17701.2	0.746621
4	1.56732	55.804	-15906.9	0.756782
5	1.5121	58.57	-12862.4	0.863362
6	1.41982	44.5895	-7744.43	0.446092
7	33.5028	63.8702	-28.7226	0.00521567
8	1.4829	24.7911	-40.0237	0.0468091
9	1.44186	42.476	-30.8143	0.0382022
10	1.4352	1.59878	-18.6771	0.0253644
11	1.44009	37.2674	-11.1372	0.0163539
12	1.43108	23.0968	-9.26504	0.0140772
13	1.38662	7.95275	-8.01565	0.012493
14	1.41915	32.6866	-7.37795	0.011676
15	1.42324	38.8466	-6.98761	0.0111966
16	1.42607	35.0111	-6.4598	0.0105369
17	1.34154	1.45925	-6.33906	0.010434
18	1.31038	13.9741	-6.41384	0.0105862
19	1.31573	1.42273	-6.41509	0.0106254
20	1.29807	1.45797	-6.47683	0.0107426
21	1.30394	1.43192	-6.22068	0.0104373
22	1.3122	1.43013	-5.99054	0.0101488
23	1.29062	1.42165	-5.8941	0.0100319
24	1.30487	1.53304	-5.72386	0.0098206
25	1.33613	1.51048	-5.45582	0.00947466
26	1.28778	1.36609	-5.20058	0.00913816
27	1.29662	1.38728	-5.03151	0.0089143
28	1.2777	1.4895	-4.8754	0.00871024
29	1.32877	22.4003	-4.65882	0.00840653
30	1.30016	1.45448	-4.53681	0.00823388
31	1.27853	27.8717	-4.28799	0.00790676
32	1.29916	17.9098	-4.00711	0.00752023
33	1.28875	1.38169	-3.84681	0.00730202
34	1.27851	1.36418	-3.60807	0.00696707
35	1.25345	1.39144	-3.31308	0.00655321
36	1.27533	28.3211	-3.19171	0.00637207
37	1.2518	1.39812	-2.69445	0.00570102
38	1.28687	1.38471	-2.32663	0.00518782
39	1.27311	1.41334	-2.17148	0.00497592
40	1.26386	70.8547	-1.99348	0.00473107
41	1.28925	1.36357	-1.93146	0.00464298
42	1.31644	27.6755	-1.71361	0.00433989
43	1.30718	1.38569	-1.54842	0.00410524
44	1.27569	1.34043	-1.39741	0.00389326
45	1.259	1.30472	-1.26623	0.00371092
46	1.26984	1.35918	-1.09143	0.00346647
47	1.25274	1.33768	-1.02772	0.00337218
48	1.2727	1.31925	-0.822907	0.00308045
49	1.28322	1.35099	-0.650739	0.00283609
50	1.24436	1.34366	-0.613639	0.00278268
51	1.25553	1.35418	-0.549807	0.00268861
52	1.26689	1.38264	-0.4548	0.00255109
53	1.26382	1.35736	-0.299868	0.00233001
54	1.26831	1.36811	-0.290117	0.00231435
55	1.27864	1.35087	-0.212711	0.00220218
56	1.27667	1.30005	-0.171072	0.00214055
57	1.24927	1.31409	-0.0970631	0.00203293
58	1.25401	1.3364	-0.0476964	0.00196049
59	1.28209	1.38983	-0.0118515	0.00190736
60	1.26319	1.31013	0.0358777	0.00183705
61	1.22131	1.31222	0.0364263	0.00183447
62	1.25729	1.3197	0.0628469	0.00179469
63	1.24278	1.30208	0.103729	0.00173419
64	1.19794	1.33346	0.058139	0.00179792
65	1.20622	1.2942	0.0489439	0.00180937
66	1.19825	1.26444	0.020188	0.00184894
67	1.23596	1.42678	0.0442098	0.00181265
68	1.23276	1.29918	0.0487232	0.00180441
69	1.19149	1.27631	0.0394758	0.00181595
70	1.18835	1.29656	-0.00389469	0.0018765
71	1.20092	1.2967	-0.0300657	0.00191233
72	1.18408	22.2208	-0.0517477	0.00194171
73	1.19664	1.24343	-0.0572656	0.00194809
74	1.18547	1.24465	-0.0930135	0.00199807
75	1.16449	25.1129	-0.155775	0.00208678
76	1.20523	1.25565	-0.0981784	0.00200207
77	1.18053	25.7721	-0.115832	0.00202584
78	1.16292	1.27914	-0.15744	0.00208413
79	1.18323	1.27197	-0.145132	0.00206466
80	1.17405	1.2539	-0.197006	0.00213767
81	1.19015	94.0334	-0.246747	0.00220694
82	1.18552	17.2509	-0.216858	0.00216259
83	1.17243	1.21255	-0.249863	0.0022077
84	1.16219	1.22094	-0.277683	0.0022459
85	1.17192	1.3149	-0.263634	0.00222417
86	1.17772	1.25713	-0.242256	0.00219158
87	1.19632	11.1714	-0.210727	0.00214496
88	1.18655	1.31793	-0.210486	0.00214299
89	1.17804	1.26791	-0.198842	0.00212448
90	1.16613	1.30925	-0.189803	0.00210949
91	1.1648	1.30489	-0.177302	0.00208984
92	1.1727	1.20658	-0.160291	0.00206368
93	1.16871	6.79777	-0.143273	0.0020374
94	1.14857	1.24996	-0.164104	0.00206587
95	1.18518	1.34898	-0.146753	0.0020391
96	1.16758	1.25719	-0.133245	0.00201795
97	1.16007	20.502	-0.119743	0.00199696
98	1.16647	1.22449	-0.0940058	0.00195834
99	1.16381	1.28491	-0.0790583	0.00193528
