pelvis_tilt.offset              	0.026273811	0.019225588	0.0079625854	
hip_flexion_r.offset            	-0.037155639	-0.037292373	0.0086843433	
knee_angle_r.offset             	0.026562091	0.033261345	0.0080399995	
ankle_angle_r.offset            	-0.034496763	-0.04102768	0.0094483197	
hip_flexion_l.offset            	0.041269878	0.029727893	0.0083506535	
knee_angle_l.offset             	0.052294269	0.048479277	0.0083334081	
ankle_angle_l.offset            	0.016968618	0.0081868136	0.0085732606	
stance_load_threshold           	0.0341616	0.03006457	0.0084954157	
S11111.tib_ant.KL               	1.5827388	1.6391839	0.08826308	
S11111.tib_ant.L0               	0.7316901	0.74223132	0.0079688129	
S11111.tib_ant-soleus.KF        	-0.30524475	-0.31025575	0.0088990949	
S00111.soleus.KF                	0.56705835	0.63182439	0.083013833	
S00111.gastroc.KF               	1.8743256	1.8276087	0.074649203	
S00111.soleus.KV                	0.16622005	0.14404403	0.043410424	
S00111.gastroc.KV               	0.11036553	0.11206278	0.045391532	
S11000.soleus.KV                	0.013109037	0.010548101	0.042866335	
S11000.gastroc.KV               	0.012913221	0.0012023374	0.044332031	
S00011.vasti.KF                 	1.1288934	1.1874442	0.070068117	
S00011.vasti.C0                 	0.043728406	0.049449466	0.0071465241	
S00011.vasti-knee_angle.pos_max 	-0.16256356	-0.15590316	0.0088480542	
S00011.hamstrings-pelvis_tilt.KP	1.4930577	1.4169424	0.082635013	
S00011.hamstrings-pelvis_tilt.KV	0.29943289	0.2949138	0.0084204535	
S00011.hamstrings-pelvis_tilt.C0	-0.0067226563	-0.0095211239	0.0088590766	
S00011.glut_max-pelvis_tilt.KP  	1.3832358	1.3727047	0.083413767	
S00011.glut_max-pelvis_tilt.KV  	0.20977155	0.19968472	0.0085646719	
S00011.glut_max-pelvis_tilt.C0  	0.037874255	0.032251725	0.0082035423	
S00011.iliopsoas-pelvis_tilt.KP 	-0.94351827	-0.94382893	0.08714283	
S00011.iliopsoas-pelvis_tilt.KV 	-0.27414322	-0.28290292	0.0089116182	
S00011.iliopsoas-pelvis_tilt.C0 	0.20335898	0.19755107	0.011081988	
S00100.iliopsoas.C0             	0.25190667	0.25658205	0.0085469974	
S00100.glut_max.C0              	-0.17822085	-0.17927828	0.0087737692	
S11000.iliopsoas.KL             	0.46282256	0.45941622	0.0091725809	
S11000.iliopsoas.L0             	0.55192708	0.55469893	0.0083050854	
S11000.iliopsoas-pelvis_tilt.P0 	-0.19090388	-0.18409395	0.0090676962	
S11000.iliopsoas-pelvis_tilt.KP 	0.48832426	0.5436445	0.088358564	
S11000.iliopsoas-pelvis_tilt.KV 	0.2686309	0.28462867	0.0084383739	
S11000.iliopsoas-hamstrings.KL  	-2.4045392	-2.4404997	0.36017928	
S11000.iliopsoas-hamstrings.L0  	0.861717	0.8618569	0.0083265829	
S11000.hamstrings.KF            	0.54982807	0.55479644	0.0090618836	
S11000.glut_max.KF              	0.50882888	0.50815955	0.009036599	
