generation	best_fitness	median_fitness	predicted_fitness	fitness_progress
0	90.4845	95.9393	0	0
1	90.5993	93.7955	147.995	-0.00126703
2	88.7027	92.5546	-356.766	0.00999391
3	88.4757	92.58	-301.825	0.00875822
4	88.8631	92.5435	-180.405	0.00602954
5	70.6561	93.31	-303.386	0.0088356
6	59.9044	90.9024	-613.774	0.0160925
7	56.3029	81.0535	-870.12	0.0226053
8	53.5625	90.8444	-2294.42	0.0644039
9	51.9185	81.2003	-2703.41	0.0782143
10	37.5656	74.1482	-2889.58	0.0865534
11	48.8261	87.8885	-2681.28	0.0838807
12	62.5003	80.1046	-2440.44	0.0781775
13	46.3735	82.0814	-2226.1	0.0723264
14	52.354	81.452	-1928.67	0.062816
15	37.2929	75.3399	-1749.81	0.0575473
16	44.8744	85.8016	-1656.88	0.0549606
17	20.7047	71.9921	-1746.35	0.060673
18	32.0434	56.2861	-1654.1	0.0578977
19	52.6889	70.031	-1480.52	0.0540194
20	1.06662	70.6699	-1660.83	0.0614558
21	34.3346	51.3437	-1486.56	0.0571041
22	1.01827	66.0188	-1657.63	0.0651376
23	0.957639	81.382	-1721.43	0.0716974
24	1.16017	56.6855	-1675.75	0.0736329
25	1.06414	60.9468	-1740.74	0.0799797
26	1.02604	63.929	-1720.91	0.0810458
27	1.05273	61.7278	-1712.2	0.0826106
28	1.03765	75.5219	-1726.48	0.0847866
29	1.07865	61.6624	-1680.65	0.0863197
30	1.24399	70.3028	-1629.88	0.0847258
31	1.01031	57.1463	-1567.82	0.08488
32	1.08822	61.3092	-1529	0.084907
33	1.05442	62.7706	-1510.92	0.0866793
34	1.10749	71.3306	-1480.51	0.087478
35	1.13656	67.0572	-1449.41	0.0886649
36	1.14925	52.1444	-1436.82	0.091909
37	1.09929	63.0958	-1407.06	0.0902722
38	1.04889	63.8873	-1323.78	0.0887396
39	1.1178	56.3173	-1272.09	0.0873154
40	1.01747	59.7349	-1210.55	0.0837289
41	1.07569	58.8003	-1194.87	0.086228
42	1.10092	58.4265	-781.2	0.057105
43	1.07188	58.6914	-115.867	0.0397626
44	1.18898	63.4542	-66.0226	0.035083
45	1.09878	57.7283	-28.2845	0.0253075
46	1.09405	71.3999	-19.6681	0.0208298
47	1.2803	71.5117	-14.4919	0.0176139
48	1.02297	68.9285	-12.3793	0.0162169
49	1.10246	59.1657	-11.039	0.0151537
50	1.11321	67.7438	-8.81072	0.0131285
51	1.17764	80.0752	-6.56085	0.0106726
52	1.13863	68.1567	-5.32915	0.00919791
53	1.11735	60.7646	-4.76579	0.00851311
54	1.06308	69.4928	-4.33091	0.00799724
55	1.00826	58.1049	-4.52828	0.0082877
56	1.08948	61.9545	-4.14389	0.00781306
57	1.11953	76.8154	-2.99403	0.00634465
58	1.07938	50.8704	-2.80158	0.00606226
59	1.08454	70.8237	-2.81938	0.00605557
60	1.11346	68.3788	-2.01642	0.00494336
61	1.03094	44.6326	-1.9038	0.00478863
62	1.04188	66.2909	-2.23307	0.00527515
63	1.02533	73.9168	-2.26777	0.00533882
64	0.981183	67.7617	-2.5995	0.00580673
65	1.01489	70.8036	-2.36002	0.00548821
66	1.07808	58.8434	-2.23357	0.00531244
67	1.1385	63.7147	-1.86874	0.00477105
68	1.0729	28.4427	-1.54908	0.00429354
69	1.04262	69.6735	-1.39558	0.004067
70	1.09175	48.3622	-1.35709	0.00400981
71	1.05224	68.9836	-1.04862	0.0035355
72	1.05014	54.8806	-0.928804	0.00334986
73	1.07212	38.199	-0.905223	0.00331158
74	1.06148	67.5597	-0.883292	0.0032751
75	1.03159	69.3781	-0.742115	0.00305269
76	1.0982	83.9334	-0.61496	0.00285368
77	1.07437	63.0173	-0.57293	0.00278336
78	1.04803	44.8391	-0.537125	0.00272361
79	1.01366	44.0161	-0.465965	0.002611
